Time (s),Ego Speed (km/h),Lead Speed (km/h),Smoothed Lead Speed (km/h),Distance Between (m),Ego Distance Covered (m),Lead Vehicle Distance Covered (m),Ego X (m),Ego Y (m),Lead X (m),Lead Y (m)
0.0,8.808552074432374,7.056000137329102,7.056000137329102,20.00697479366624,0.0,0.0,107.0,133.0,127.0,133.42599487304688
0.05,8.174808311527325,8.820000171661377,7.938000154495239,20.00721404261134,0.1276656985282898,0.11269998550415039,107.0,133.0,127.0,133.42599487304688
0.1,4.181039857876534,10.584000205993652,8.820000171661377,20.006333012338665,0.20566119998693466,0.2498999983072281,107.0,133.0,127.0,133.42599487304688
0.15000000000000002,1.8218554973676693,10.747439861297622,9.301860094070438,20.005096534341305,0.24264910072088242,0.40529029071331024,107.0,133.0,127.0,133.42599487304688
0.2,0.48345841169801956,7.768655776977547,8.995219230651859,20.004573269716797,0.2559195011854172,0.5298077911138535,107.0,133.0,127.0,133.42599487304688
0.25,0.22895928919363465,4.894812154769903,8.3118180513382,20.004586772007432,0.25616440176963806,0.6134719923138618,107.0,133.0,127.0,133.42599487304688
0.30000000000000004,0.5667335987091648,0.2858890101483613,7.165256759739651,20.00469580345708,0.2624727040529251,0.6421069949865341,107.0,133.0,127.0,133.42599487304688
0.35000000000000003,0.6878411829480157,1.2601369874799058,6.427116788207183,20.004682736705696,0.2715299017727375,0.6545059978961945,107.0,133.0,127.0,133.42599487304688
0.4,0.6899652242660612,1.8184629647126125,5.915044141152231,20.004637715382888,0.2811941020190716,0.6770130023360252,107.0,133.0,127.0,133.42599487304688
0.45,0.6322392046452826,2.026972872019429,5.5262370142389505,20.004588082447704,0.2903391011059284,0.7043372020125389,107.0,133.0,127.0,133.42599487304688
0.5,0.5494175791743363,1.968872116739347,5.017524212179976,20.004552769313072,0.29844460263848305,0.7322818972170353,107.0,133.0,127.0,133.42599487304688
0.55,0.46106282472696447,1.729535861567718,4.30847778117061,20.00453750931069,0.3053380008786917,0.7578396983444691,107.0,133.0,127.0,133.42599487304688
0.6000000000000001,0.3774707883600949,1.3871400696923215,3.3887917675404764,20.004538116515484,0.3110362011939287,0.7791417986154556,107.0,133.0,127.0,133.42599487304688
0.65,0.303379189968254,1.0069669479663872,2.4147444762073533,20.004546407320657,0.315649401396513,0.7953074276447296,107.0,133.0,127.0,133.42599487304688
0.7000000000000001,0.24037200808532375,0.6386228208463041,1.701741180594229,20.004555021368127,0.3193254014477134,0.8062361972406507,107.0,133.0,127.0,133.42599487304688
0.75,0.18829403668670658,0.3157469204047876,1.2438346571577177,20.00455974824075,0.32221814058721066,0.8123878976330161,107.0,133.0,127.0,133.42599487304688
0.8,0.14612940251834952,0.057503931850313966,1.2209961493279131,20.004559633872756,0.32447159104049206,0.8145665982738137,107.0,133.0,127.0,133.42599487304688
0.8500000000000001,0.11253131479408571,0.12993202109928312,1.1079756526898508,20.004555872610293,0.3262123907916248,0.8153950991109014,107.0,133.0,127.0,133.42599487304688
0.9,0.08609544262290764,0.24809026314701293,0.9509383825332909,20.004550446153875,0.32754780096001923,0.8182500982657075,107.0,133.0,127.0,133.42599487304688
0.9500000000000001,0.06549947708849993,0.30600415902955064,0.778841511234303,20.00454511354228,0.3285661010304466,0.8222384983673692,107.0,133.0,127.0,133.42599487304688
1.0,0.04958855957008633,0.31578104393698686,0.613532403954067,20.004540933240936,0.3293385710567236,0.8266195990145206,107.0,133.0,127.0,133.42599487304688
1.05,0.03738563843072138,0.29079293479265506,0.4696581112765609,20.004538234931985,0.3299219559994526,0.8308338690549135,107.0,133.0,127.0,133.42599487304688
1.1,0.028076760470868246,0.2439270764667138,0.3553368119540001,20.004536838269605,0.33036076099961065,0.8345057386904955,107.0,133.0,127.0,133.42599487304688
1.1500000000000001,0.021016800776152852,0.18643219477040196,0.2732833366344016,20.00453633197248,0.3306897020083852,0.8374265385791659,107.0,133.0,127.0,133.42599487304688
1.2000000000000002,0.0,0.12728300628075648,0.22214935517784684,20.004536285566807,0.3306897020083852,0.8395255017094314,107.0,133.0,127.0,133.42599487304688
1.25,0.005309027899059385,0.07293947644603409,0.1978686107819715,20.004536394769,0.3309486439975444,0.8408359987661242,107.0,133.0,127.0,133.42599487304688
1.3,0.00669866404496392,0.02744507862033739,0.19486272545897382,20.004536484951643,0.33103584800846875,0.8414610787294805,107.0,133.0,127.0,133.42599487304688
1.35,0.006821676017716651,0.0072448697792532315,0.18259401032697084,20.004536511161024,0.3311309479759075,0.8415420986711979,107.0,133.0,127.0,133.42599487304688
1.4000000000000001,0.006306551909196232,0.03085784595384969,0.16087076860765454,20.00453647896365,0.3312218519859016,0.8418508886825293,107.0,133.0,127.0,133.42599487304688
1.4500000000000002,0.005509080039337759,0.0,0.13027035270469947,20.004536490665252,0.33130291500128806,0.8418508886825293,107.0,133.0,127.0,133.42599487304688
1.5,0.004639608040455037,0.0,0.09869224831100079,20.00453650092554,0.3313721899758093,0.8418508886825293,107.0,133.0,127.0,133.42599487304688
1.55,0.003810168011381821,0.0,0.06961295483173528,20.00453650961043,0.3314296010066755,0.8418508886825293,107.0,133.0,127.0,133.42599487304688
1.6,0.003065497102228577,0.0,0.04522024718506391,20.00453651678336,0.3314762159716338,0.8418508886825293,107.0,133.0,127.0,133.42599487304688
1.6500000000000001,0.0008350487815428264,0.0,0.02657702770802371,20.004536518917586,0.3314899510005489,0.8418508886825293,107.0,133.0,127.0,133.42599487304688
1.7000000000000002,0.0012986604357984564,0.0,0.013848727079948062,20.004536521406244,0.33150589105207473,0.8418508886825293,107.0,133.0,127.0,133.42599487304688
1.75,0.0014171615826709593,0.0,0.006554779435344653,20.004536524438024,0.3315252009779215,0.8418508886825293,107.0,133.0,127.0,133.42599487304688
1.8,0.001360382361315338,0.0,0.003810271573310914,20.00453652748689,0.3315445010084659,0.8418508886825293,107.0,133.0,127.0,133.42599487304688
1.85,0.0012117060485765036,0.0,0.0030857845953855905,20.00453653029937,0.3315622010268271,0.8418508886825293,107.0,133.0,127.0,133.42599487304688
1.9000000000000001,0.001034089224531574,0.0,6.217248937900876e-16,20.004536532754294,0.33157757099252194,0.8418508886825293,107.0,133.0,127.0,133.42599487304688
1.9500000000000002,0.0008578764230758649,0.0,6.217248937900876e-16,20.004536534823878,0.3315904709743336,0.8418508886825293,107.0,133.0,127.0,133.42599487304688
2.0,0.0006973560084860383,0.0,6.217248937900876e-16,20.004536536517723,0.3316009909613058,0.8418508886825293,107.0,133.0,127.0,133.42599487304688
2.0500000000000003,0.00010319256350559327,0.0,6.217248937900876e-16,20.00453653743623,0.33160668099299073,0.8418508886825293,107.0,133.0,127.0,133.42599487304688
2.1,0.00024280775787977117,0.0,6.217248937900876e-16,20.004536537874234,0.33160939102526754,0.8418508886825293,107.0,133.0,127.0,133.42599487304688
2.15,0.00029007865249470295,0.0,6.217248937900876e-16,20.004536538497156,0.3316132409963757,0.8418508886825293,107.0,133.0,127.0,133.42599487304688
2.2,0.00029131453507267425,0.0,6.217248937900876e-16,20.004536539151616,0.33161728095728904,0.8418508886825293,107.0,133.0,127.0,133.42599487304688
2.25,0.0002668039220443142,0.0,6.217248937900876e-16,20.004536539777646,0.3316211410565302,0.8418508886825293,107.0,133.0,127.0,133.42599487304688
2.3000000000000003,0.00022863024038338153,0.0,6.217248937900876e-16,20.004536540334588,0.33162457100115716,0.8418508886825293,107.0,133.0,127.0,133.42599487304688
2.35,0.00019182960659323956,0.0,6.217248937900876e-16,20.004536540805947,0.3316274710232392,0.8418508886825293,107.0,133.0,127.0,133.42599487304688
2.4000000000000004,0.00015605893028638052,0.0,6.217248937900876e-16,20.00453654118982,0.33162983099464327,0.8418508886825293,107.0,133.0,127.0,133.42599487304688
2.45,0.00012502552151089254,0.0,6.217248937900876e-16,20.00453654150718,0.33163178095128387,0.8418508886825293,107.0,133.0,127.0,133.42599487304688
2.5,4.35632575601771e-05,0.0,6.217248937900876e-16,20.00453654150718,0.33163178095128387,0.8418508886825293,107.0,133.0,127.0,133.42599487304688
2.5500000000000003,5.794709473638533e-05,0.0,6.217248937900876e-16,20.004536541686328,0.3316328809596598,0.8418508886825293,107.0,133.0,127.0,133.42599487304688
2.6,6.079647422210577e-05,0.0,6.217248937900876e-16,20.004536541686328,0.3316328809596598,0.8418508886825293,107.0,133.0,127.0,133.42599487304688
2.6500000000000004,6.038464740138859e-05,0.0,6.217248937900876e-16,20.00453654194862,0.3316344909835607,0.8418508886825293,107.0,133.0,127.0,133.42599487304688
2.7,5.3552901313848885e-05,0.0,6.217248937900876e-16,20.00453654194862,0.3316344909835607,0.8418508886825293,107.0,133.0,127.0,133.42599487304688
2.75,4.737387202033161e-05,0.0,6.217248937900876e-16,20.00453654217844,0.33163590100593865,0.8418508886825293,107.0,133.0,127.0,133.42599487304688
2.8000000000000003,3.734964003138096e-05,0.0,6.217248937900876e-16,20.00453654217844,0.33163590100593865,0.8418508886825293,107.0,133.0,127.0,133.42599487304688
2.85,2.979743582385968e-05,0.0,6.217248937900876e-16,20.00453654217844,0.33163590100593865,0.8418508886825293,107.0,133.0,127.0,133.42599487304688
2.9000000000000004,9.475337877050899e-06,0.0,6.217248937900876e-16,20.00453654237084,0.3316370809916407,0.8418508886825293,107.0,133.0,127.0,133.42599487304688
2.95,1.0024109001771033e-05,0.0,6.217248937900876e-16,20.00453654237084,0.3316370809916407,0.8418508886825293,107.0,133.0,127.0,133.42599487304688
3.0,8.170276482536475e-06,0.0,6.217248937900876e-16,20.00453654237084,0.3316370809916407,0.8418508886825293,107.0,133.0,127.0,133.42599487304688
3.0500000000000003,8.514573177942162e-06,0.0,6.217248937900876e-16,20.00453654237084,0.3316370809916407,0.8418508886825293,107.0,133.0,127.0,133.42599487304688
3.1,6.5911510923856445e-06,0.0,6.217248937900876e-16,20.00453654237084,0.3316370809916407,0.8418508886825293,107.0,133.0,127.0,133.42599487304688
3.1500000000000004,4.22396919313125e-06,0.0,6.217248937900876e-16,20.00453654237084,0.3316370809916407,0.8418508886825293,107.0,133.0,127.0,133.42599487304688
3.2,7.346868363080899e-06,0.0,6.217248937900876e-16,20.00453654237084,0.3316370809916407,0.8418508886825293,107.0,133.0,127.0,133.42599487304688
3.25,4.497151694055797e-06,0.0,6.217248937900876e-16,20.00453654237084,0.3316370809916407,0.8418508886825293,107.0,133.0,127.0,133.42599487304688
3.3000000000000003,0.0,0.0,6.217248937900876e-16,20.00453654237084,0.3316370809916407,0.8418508886825293,107.0,133.0,127.0,133.42599487304688
3.35,3.0895955998893006e-06,0.0,6.217248937900876e-16,20.004536542538847,0.3316381110344082,0.8418508886825293,107.0,133.0,127.0,133.42599487304688
3.4000000000000004,6.179184151175575e-06,0.0,6.217248937900876e-16,20.004536542538847,0.3316381110344082,0.8418508886825293,107.0,133.0,127.0,133.42599487304688
3.45,5.013363673418632e-06,0.0,6.217248937900876e-16,20.004536542538847,0.3316381110344082,0.8418508886825293,107.0,133.0,127.0,133.42599487304688
3.5,5.286941536707906e-06,0.0,6.217248937900876e-16,20.004536542538847,0.3316381110344082,0.8418508886825293,107.0,133.0,127.0,133.42599487304688
3.5500000000000003,7.174779649157957e-06,0.0,6.217248937900876e-16,20.004536542538847,0.3316381110344082,0.8418508886825293,107.0,133.0,127.0,133.42599487304688
3.6,6.968835300651471e-06,0.0,6.217248937900876e-16,20.004536542538847,0.3316381110344082,0.8418508886825293,107.0,133.0,127.0,133.42599487304688
3.6500000000000004,4.257504035054941e-06,0.0,6.217248937900876e-16,20.004536542538847,0.3316381110344082,0.8418508886825293,107.0,133.0,127.0,133.42599487304688
3.7,5.904858645101865e-06,0.0,6.217248937900876e-16,20.004536542538847,0.3316381110344082,0.8418508886825293,107.0,133.0,127.0,133.42599487304688
3.75,6.86631795618486e-07,0.0,6.217248937900876e-16,20.004536542538847,0.3316381110344082,0.8418508886825293,107.0,133.0,127.0,133.42599487304688
3.8000000000000003,3.435146736875793e-07,0.0,6.217248937900876e-16,20.004536542538847,0.3316381110344082,0.8418508886825293,107.0,133.0,127.0,133.42599487304688
3.85,2.6096664769448967e-06,0.0,6.217248937900876e-16,20.004536542538847,0.3316381110344082,0.8418508886825293,107.0,133.0,127.0,133.42599487304688
3.9000000000000004,2.2660122380981996e-06,0.0,6.217248937900876e-16,20.004536542538847,0.3316381110344082,0.8418508886825293,107.0,133.0,127.0,133.42599487304688
3.95,4.565863427051869e-06,0.0,6.217248937900876e-16,20.004536542538847,0.3316381110344082,0.8418508886825293,107.0,133.0,127.0,133.42599487304688
4.0,5.5270557645517725e-06,0.0,6.217248937900876e-16,20.004536542538847,0.3316381110344082,0.8418508886825293,107.0,133.0,127.0,133.42599487304688
4.05,6.453892778006647e-06,0.0,6.217248937900876e-16,20.004536542538847,0.3316381110344082,0.8418508886825293,107.0,133.0,127.0,133.42599487304688
4.1000000000000005,6.041966527780821e-06,0.0,6.217248937900876e-16,20.004536542538847,0.3316381110344082,0.8418508886825293,107.0,133.0,127.0,133.42599487304688
4.15,1.029867332614657e-07,0.0,6.217248937900876e-16,20.004536542538847,0.3316381110344082,0.8418508886825293,107.0,133.0,127.0,133.42599487304688
4.2,6.179729613286633e-07,0.0,6.217248937900876e-16,20.004536542538847,0.3316381110344082,0.8418508886825293,107.0,133.0,127.0,133.42599487304688
4.25,1.1329720946014798e-06,0.0,6.217248937900876e-16,20.004536542538847,0.3316381110344082,0.8418508886825293,107.0,133.0,127.0,133.42599487304688
4.3,1.647971997761862e-06,0.0,6.217248937900876e-16,20.004536542538847,0.3316381110344082,0.8418508886825293,107.0,133.0,127.0,133.42599487304688
4.3500000000000005,2.2657468076869287e-06,0.0,6.217248937900876e-16,20.004536542538847,0.3316381110344082,0.8418508886825293,107.0,133.0,127.0,133.42599487304688
4.4,2.8836672328801957e-06,0.0,6.217248937900876e-16,20.004536542538847,0.3316381110344082,0.8418508886825293,107.0,133.0,127.0,133.42599487304688
4.45,3.4673518033170527e-06,0.0,6.217248937900876e-16,20.004536542538847,0.3316381110344082,0.8418508886825293,107.0,133.0,127.0,133.42599487304688
4.5,5.321026574079267e-06,0.0,6.217248937900876e-16,20.004536542538847,0.3316381110344082,0.8418508886825293,107.0,133.0,127.0,133.42599487304688
4.55,4.63479382045964e-06,0.0,6.217248937900876e-16,20.004536542538847,0.3316381110344082,0.8418508886825293,107.0,133.0,127.0,133.42599487304688
4.6000000000000005,5.149334828227277e-07,0.0,6.217248937900876e-16,20.004536542538847,0.3316381110344082,0.8418508886825293,107.0,133.0,127.0,133.42599487304688
4.65,1.1671818012472567e-06,0.0,6.217248937900876e-16,20.004536542538847,0.3316381110344082,0.8418508886825293,107.0,133.0,127.0,133.42599487304688
4.7,1.8194300194504524e-06,0.0,6.217248937900876e-16,20.004536542538847,0.3316381110344082,0.8418508886825293,107.0,133.0,127.0,133.42599487304688
4.75,2.4716782380751526e-06,0.0,6.217248937900876e-16,20.004536542538847,0.3316381110344082,0.8418508886825293,107.0,133.0,127.0,133.42599487304688
4.800000000000001,3.123926661498437e-06,0.0,6.217248937900876e-16,20.004536542538847,0.3316381110344082,0.8418508886825293,107.0,133.0,127.0,133.42599487304688
4.8500000000000005,3.741851975390803e-06,0.0,6.217248937900876e-16,20.004536542538847,0.3316381110344082,0.8418508886825293,107.0,133.0,127.0,133.42599487304688
4.9,4.256800167789047e-06,0.0,6.217248937900876e-16,20.004536542538847,0.3316381110344082,0.8418508886825293,107.0,133.0,127.0,133.42599487304688
4.95,6.179184621287149e-06,0.0,6.217248937900876e-16,20.004536542538847,0.3316381110344082,0.8418508886825293,107.0,133.0,127.0,133.42599487304688
5.0,2.0597965164317382e-07,0.0,6.217248937900876e-16,20.004536542538847,0.3316381110344082,0.8418508886825293,107.0,133.0,127.0,133.42599487304688
5.050000000000001,7.895931112001396e-07,0.0,6.217248937900876e-16,20.004536542538847,0.3316381110344082,0.8418508886825293,107.0,133.0,127.0,133.42599487304688
5.1000000000000005,1.441830442883171e-06,0.0,6.217248937900876e-16,20.004536542538847,0.3316381110344082,0.8418508886825293,107.0,133.0,127.0,133.42599487304688
5.15,2.0254184853324754e-06,0.0,6.217248937900876e-16,20.004536542538847,0.3316381110344082,0.8418508886825293,107.0,133.0,127.0,133.42599487304688
5.2,2.6090343827565786e-06,0.0,6.217248937900876e-16,20.004536542538847,0.3316381110344082,0.8418508886825293,107.0,133.0,127.0,133.42599487304688
5.25,3.192617078095662e-06,0.0,6.217248937900876e-16,20.004536542538847,0.3316381110344082,0.8418508886825293,107.0,133.0,127.0,133.42599487304688
5.300000000000001,3.8112849233965045e-06,0.0,6.217248937900876e-16,20.004536542538847,0.3316381110344082,0.8418508886825293,107.0,133.0,127.0,133.42599487304688
5.3500000000000005,5.664288900463557e-06,0.0,6.217248937900876e-16,20.004536542538847,0.3316381110344082,0.8418508886825293,107.0,133.0,127.0,133.42599487304688
5.4,0.0,0.0,6.217248937900876e-16,20.004536542538847,0.3316381110344082,0.8418508886825293,107.0,133.0,127.0,133.42599487304688
5.45,6.865993824229398e-07,0.0,6.217248937900876e-16,20.004536542538847,0.3316381110344082,0.8418508886825293,107.0,133.0,127.0,133.42599487304688
5.5,1.3388843576899893e-06,0.0,6.217248937900876e-16,20.004536542538847,0.3316381110344082,0.8418508886825293,107.0,133.0,127.0,133.42599487304688
5.550000000000001,1.991073972929477e-06,0.0,6.217248937900876e-16,20.004536542538847,0.3316381110344082,0.8418508886825293,107.0,133.0,127.0,133.42599487304688
5.6000000000000005,1.338831980768512e-06,0.0,6.217248937900876e-16,20.004536542538847,0.3316381110344082,0.8418508886825293,107.0,133.0,127.0,133.42599487304688
5.65,3.2269651796679797e-06,0.0,6.217248937900876e-16,20.004536542538847,0.3316381110344082,0.8418508886825293,107.0,133.0,127.0,133.42599487304688
5.7,3.844893126581409e-06,0.0,6.217248937900876e-16,20.004536542538847,0.3316381110344082,0.8418508886825293,107.0,133.0,127.0,133.42599487304688
5.75,5.080749288682851e-06,0.0,6.217248937900876e-16,20.004536542538847,0.3316381110344082,0.8418508886825293,107.0,133.0,127.0,133.42599487304688
5.800000000000001,3.810509203875338e-06,0.0,6.217248937900876e-16,20.004536542538847,0.3316381110344082,0.8418508886825293,107.0,133.0,127.0,133.42599487304688
5.8500000000000005,4.119534614513729e-07,0.0,6.217248937900876e-16,20.004536542538847,0.3316381110344082,0.8418508886825293,107.0,133.0,127.0,133.42599487304688
5.9,1.0298894988321164e-06,0.0,6.217248937900876e-16,20.004536542538847,0.3316381110344082,0.8418508886825293,107.0,133.0,127.0,133.42599487304688
5.95,3.7767668013555535e-07,0.0,6.217248937900876e-16,20.004536542538847,0.3316381110344082,0.8418508886825293,107.0,133.0,127.0,133.42599487304688
6.0,2.3000593503969115e-06,0.0,6.217248937900876e-16,20.004536542538847,0.3316381110344082,0.8418508886825293,107.0,133.0,127.0,133.42599487304688
6.050000000000001,2.9192716453738656e-06,0.0,6.217248937900876e-16,20.004536542538847,0.3316381110344082,0.8418508886825293,107.0,133.0,127.0,133.42599487304688
6.1000000000000005,3.5702296343237956e-06,0.0,6.217248937900876e-16,20.004536542538847,0.3316381110344082,0.8418508886825293,107.0,133.0,127.0,133.42599487304688
6.15,0.9689155660957611,0.0,6.217248937900876e-16,19.998541199823272,0.3376348187240777,0.8418508886825293,107.00599670410156,133.0,127.0,133.42599487304688
6.2,2.0913739847756028,0.016662018666374283,0.00166620186663805,19.97552230508822,0.3606594849654271,0.8421517986571416,107.02899932861328,133.00100708007812,127.0,133.42599487304688
6.25,2.860691609770763,0.021414657316068262,0.0038076675982448766,19.939506216427688,0.39667626123132377,0.8423442885978147,107.06500244140625,133.0019989013672,127.0,133.42599487304688
6.300000000000001,3.1853980455936006,0.020029198792923933,0.00581058747753727,19.897494457114057,0.4386881518207522,0.8425376885570586,107.10700225830078,133.0030059814453,127.0,133.42599487304688
6.3500000000000005,3.2250993991880836,0.018893608534896845,0.007699948331026954,19.85246396564535,0.48373069641491073,0.8427426186390221,107.1520004272461,133.0050048828125,127.0,133.42599487304688
6.4,3.0470225191156937,0.017953308175539893,0.009495279148580943,19.808454082606602,0.5277405924005529,0.8429663876304403,107.19599914550781,133.00599670410156,127.0,133.42599487304688
6.45,3.094313489634894,0.01722292268886055,0.011217571417466998,19.764422875264,0.5707862968544019,0.8439960083413189,107.23899841308594,133.00799560546875,126.9990005493164,133.42599487304688
6.5,3.0126256284976436,0.016667208525179694,0.012884292269984967,19.72239018320611,0.6128336545037844,0.8442687973509329,107.28099822998047,133.00999450683594,126.9990005493164,133.42599487304688
6.550000000000001,2.822730094363711,0.01621617236194139,0.014505909506179106,19.68237690214157,0.6528472463734052,0.8445664583485359,107.32099914550781,133.01100158691406,126.9990005493164,133.42599487304688
6.6000000000000005,2.6875207231608313,0.015763937703123752,0.01608230327649148,19.64436240494038,0.6908622021945777,0.844886206359488,107.35900115966797,133.01199340820312,126.9990005493164,133.42599487304688
6.65,2.643252162865817,0.015213909863078074,0.017603694262799292,19.60632640542954,0.7279195441470544,0.8459410989872518,107.39600372314453,133.01400756835938,126.99800109863281,133.42599487304688
6.7,2.7060735030058938,0.014500822534567744,0.017387574649618636,19.56931879063007,0.7649277712411449,0.8462903339805885,107.43299865722656,133.01499938964844,126.99800109863281,133.42599487304688
6.75,2.903598157327579,0.6833660371740934,0.08358271263542114,19.54128315738756,0.8039804263000836,0.8572921443200168,107.47200012207031,133.01699829101562,127.00900268554688,133.42599487304688
6.800000000000001,3.200125900953139,1.2311777756211342,0.20469757031824218,19.514246862898286,0.8470261302097807,0.8732915548814454,107.51499938964844,133.0189971923828,127.0250015258789,133.42599487304688
6.8500000000000005,3.552750882321961,0.815197724213898,0.2843279818861423,19.48021603361537,0.8940656906523501,0.8862935148082426,107.56199645996094,133.02099609375,127.03800201416016,133.42599487304688
6.9,3.8966069902775904,1.4913489368568398,0.43166754475427227,19.448176138254745,0.9461060477340685,0.9062915768652823,107.61399841308594,133.0229949951172,127.05799865722656,133.42599487304688
6.95,4.192934872146362,1.085369731032145,0.5384822255886007,19.40812165362075,1.0031844630552658,0.9232908479119631,107.6709976196289,133.0260009765625,127.07499694824219,133.42599487304688
7.0,4.41070987207434,1.7682618775614125,0.7136416924922241,19.372085041136803,1.0632229357536118,0.9472934178710946,107.73100280761719,133.0279998779297,127.0989990234375,133.42599487304688
7.050000000000001,4.556480866863079,1.3696894901331729,0.8489890242693472,19.331039324691048,1.1252922274689363,0.9682972460159888,107.79299926757812,133.031005859375,127.12000274658203,133.42599487304688
7.1000000000000005,4.643202242312042,2.059231413340974,1.0533357718331322,19.293983508888385,1.1893650551226862,0.9952976946547933,107.85700225830078,133.03399658203125,127.14700317382812,133.42599487304688
7.15,4.704977983753463,1.6668653361873864,1.218500914465563,19.25390988688046,1.2544827026434502,1.0202916236013178,107.9219970703125,133.03799438476562,127.1719970703125,133.42599487304688
7.2,4.762463230021836,2.3610086445034155,1.4531516966624478,19.21985976944645,1.320553011335003,1.0522969710230639,107.98799896240234,133.04100036621094,127.2040023803711,133.42599487304688
7.25,4.841619446153734,1.97443896205213,1.5822589891502516,19.180786313373424,1.3876735176280195,1.0802970164696004,108.05500030517578,133.0449981689453,127.23200225830078,133.42599487304688
7.300000000000001,4.9476370743201326,2.6731992986347315,1.7264611414516113,19.148727750861898,1.4557407185341498,1.1162925892653779,108.12300109863281,133.04800415039062,127.26799774169922,133.42599487304688
7.3500000000000005,5.084728509648653,2.2904115832313106,1.8739825273533526,19.11266064271179,1.5248566799267964,1.1492975248193777,108.19200134277344,133.052001953125,127.3010025024414,133.42599487304688
7.4,5.240284182872843,2.9920973479086954,2.0240573684585383,19.08059115471241,1.5969661819376149,1.1892985108676655,108.26399993896484,133.05599975585938,127.34100341796875,133.42599487304688
7.45,5.404048594077233,2.6121639424385865,2.1767367895991825,19.044517571317456,1.6710715938296619,1.22729300824661,108.33799743652344,133.05999755859375,127.37899780273438,133.42599487304688
7.5,5.564710202383475,3.316418530264924,2.331552454869534,19.0124301208878,1.7482375489580964,1.2722988399236848,108.41500091552734,133.06500244140625,127.42400360107422,133.42599487304688
7.550000000000001,5.718018925036535,2.9380258452963925,2.488386090385856,18.976365506424944,1.826335239672133,1.3142987168167897,108.49299621582031,133.06900024414062,127.46600341796875,133.42599487304688
7.6000000000000005,5.862414074909775,3.642627084556429,2.6467256575074014,18.945271494128512,1.9064934695944074,1.3632947004982858,108.572998046875,133.07400512695312,127.51499938964844,133.42599487304688
7.65,5.998905837995185,3.266675555697617,2.806706679458425,18.909182384043138,1.9896434951112465,1.4102918012848742,108.65599822998047,133.07899475097656,127.56199645996094,133.42599487304688
7.7,6.1303378512833335,3.974042048438595,2.968010019851943,18.878098050367498,2.0737920977655,1.4632932088771649,108.73999786376953,133.08399963378906,127.61499786376953,133.42599487304688
7.75,6.259106305700217,3.5994407157045174,3.130510195217181,18.84401688892517,2.159936145157202,1.5152951797423186,108.82599639892578,133.08900451660156,127.66699981689453,133.42599487304688
7.800000000000001,6.388053792711159,4.308481675410357,3.2940384328947445,18.813926575061494,2.2480825459637996,1.5732938382775907,108.91400146484375,133.093994140625,127.7249984741211,133.42599487304688
7.8500000000000005,6.5190453448088945,3.9363499250730047,3.458632267078914,18.77986504574192,2.33821794237235,1.6293026617286046,109.00399780273438,133.0989990234375,127.78099822998047,133.427001953125
7.9,6.6529230456488255,4.647025495443203,3.6241250818323643,18.752764814064218,2.4294187238497207,1.6933056530685326,109.09500122070312,133.10499572753906,127.84500122070312,133.427001953125
7.95,6.789656063204033,4.276081638581844,3.7905168514466903,18.718680197703605,2.523553635645388,1.7533032223549898,109.18900299072266,133.11000061035156,127.90499877929688,133.427001953125
8.0,6.9285841296493995,4.987261137560603,3.9576011121762575,18.691590536972814,2.618736317104731,1.8213040161982943,109.28399658203125,133.11599731445312,127.9729995727539,133.427001953125
8.05,7.068757062850898,4.616929235911734,4.125491451237791,18.660497624602574,2.715921625365598,1.887305917336824,109.38099670410156,133.1219940185547,128.03900146484375,133.427001953125
8.1,7.20949069964865,5.32893707469549,4.294122450251697,18.63337222505919,2.8151756947926896,1.9592968843580902,109.4800033569336,133.12899780273438,128.11099243164062,133.427001953125
8.15,7.3501348458951234,4.95918108395148,4.463373003077083,18.60329745120807,2.9163514887107085,2.0303112963740735,109.58100128173828,133.13499450683594,128.1820068359375,133.427001953125
8.200000000000001,7.490370757772922,5.670360710430072,4.633004869276231,18.57720615581297,3.01952362593433,2.107307146091653,109.68399810791016,133.14100646972656,128.25900268554688,133.427001953125
8.25,7.629641984757036,5.30359290397515,4.8034200881032945,18.547096862637165,3.124759287449309,2.1823041008412014,109.78900146484375,133.1479949951172,128.33399963378906,133.427001953125
8.3,7.7681063665564105,6.012901037905324,4.973862024352791,18.52200858408026,3.2319303048899646,2.2643048332899145,109.89600372314453,133.1540069580078,128.41600036621094,133.427001953125
8.35,7.905873758361458,5.651208821252929,5.145347913970784,18.492918193835454,3.3411476530019004,2.3443066695978367,110.00499725341797,133.16099548339844,128.49600219726562,133.427001953125
8.4,8.043392110821264,6.356196704296675,5.316265034856132,18.468811429179702,3.4523684538560824,2.431297026043684,110.11599731445312,133.16799926757812,128.58299255371094,133.427001953125
8.450000000000001,8.181061718822725,5.9984647116245045,5.4885033421603975,18.440711371413048,3.5656499404759985,2.516303744104952,110.22899627685547,133.17599487304688,128.66799926757812,133.427001953125
8.5,8.30673243489351,6.700464856731882,5.659823714077526,18.417616760463535,3.6798709136591037,2.6073071621095973,110.34300231933594,133.18299865722656,128.75900268554688,133.427001953125
8.55,8.428895053160504,6.346332600009323,5.8327640504872855,18.39152648230497,3.7960794759649654,2.697303503363747,110.45899963378906,133.19000244140625,128.8489990234375,133.427001953125
8.6,8.563581778530528,7.0441927233288855,6.004289615350625,18.369431348789206,3.9143538907485134,2.7933118042523435,110.5770034790039,133.197998046875,128.94500732421875,133.427001953125
8.65,8.70729458822749,6.693768778262414,6.177748384781718,18.34432606796097,4.034615097526321,2.8882977689331426,110.6969985961914,133.20599365234375,129.0399932861328,133.427001953125
8.700000000000001,8.844212049485224,7.387848933414238,6.349497207080134,18.323255990375873,4.156817614256388,2.989310952702129,110.81900024414062,133.21299743652344,129.14100646972656,133.427001953125
8.75,8.978954192684757,7.040484848586624,6.523186401541283,18.298164407161053,4.281075676117912,3.0883099784764076,110.94300079345703,133.2209930419922,129.24000549316406,133.427001953125
8.8,9.125136106611281,7.7291289285971745,6.694809190610468,18.279064633754835,4.4063321088715695,3.1942975275291303,111.06800079345703,133.22900390625,129.3459930419922,133.427001953125
8.85,9.27735117019679,7.389181040609775,6.868606412546152,18.25498662627317,4.5345799464148975,3.29830143578964,111.19599914550781,133.23699951171875,129.4499969482422,133.427001953125
8.9,9.431859029203261,8.072100651551512,7.040196807271634,18.23592646480498,4.664822856407255,3.409313557234479,111.32599639892578,133.2449951171875,129.56100463867188,133.42799377441406
8.950000000000001,9.585202917010518,7.738165200417519,7.2141668561509364,18.212838641378102,4.797069493354976,3.5183070891972683,111.45800018310547,133.2530059814453,129.6699981689453,133.42799377441406
9.0,9.735181808692138,8.414856943288722,7.385606064806621,18.193758105665495,4.931373229615642,3.6333125827166253,111.59200286865234,133.26199340820312,129.78500366210938,133.42799377441406
9.05,9.880832170829242,8.087148506447527,7.559687655450442,18.17169206358651,5.067602926921346,3.747310997249007,111.72799682617188,133.27000427246094,129.8990020751953,133.42799377441406
9.1,10.022478744718448,8.757144603072112,7.730982843424764,18.153611256519415,5.205896755825335,3.867306114846549,111.86599731445312,133.2790069580078,130.0189971923828,133.42799377441406
9.15,10.161285837834042,8.436168723296538,7.905222837928176,18.132551937348445,5.3461242809719645,3.986309411993774,112.00599670410156,133.28700256347656,130.13800048828125,133.42799377441406
9.200000000000001,10.28643673448084,9.10076521542344,8.076514466129096,18.11548606709642,5.488355118480515,4.111309412443221,112.14800262451172,133.2949981689453,130.26300048828125,133.42799377441406
9.25,10.380086156473734,8.785224991627413,8.250988480433175,18.09442660893117,5.632633459756808,4.234310512174704,112.29199981689453,133.3040008544922,130.38600158691406,133.42799377441406
9.3,10.45168832780271,9.443052878902321,8.42238087546369,18.080381563373983,5.7768524637821725,4.364315395473967,112.43599700927734,133.31199645996094,130.51600646972656,133.42799377441406
9.35,10.522306672533363,9.133452995467076,8.59680807094942,18.062313361731743,5.923133479367616,4.492306119099289,112.58200073242188,133.3209991455078,130.6439971923828,133.42799377441406
9.4,10.602134833504394,9.784404988717984,8.768038504666068,18.051281605340087,6.069348352409864,4.627315885232118,112.72799682617188,133.32899475097656,130.7790069580078,133.42799377441406
9.450000000000001,10.69856885637509,9.480816685974025,8.942303653221717,18.036232620366462,6.217567618395632,4.760311491585535,112.8759994506836,133.33700561523438,130.91200256347656,133.42799377441406
9.5,10.814517767657996,10.12676475167705,9.113494434060549,18.025180417863936,6.367838146464207,4.899303801679048,113.0260009765625,133.3459930419922,131.05099487304688,133.42799377441406
9.55,10.937829262583026,9.831349246088314,9.287914508024627,18.012145375924867,6.519051468856851,5.0373042907539185,113.177001953125,133.35400390625,131.18899536132812,133.42799377441406
9.600000000000001,11.068606357129493,10.471968944486614,9.459396942166078,18.004111125301364,6.671262045328538,5.181301483673218,113.3290023803711,133.36199951171875,131.33299255371094,133.42799377441406
9.65,11.214026473778766,10.182097242357871,9.633989794072212,17.99209024672973,6.826466914100831,5.32430685548194,113.48400115966797,133.3699951171875,131.4759979248047,133.42799377441406
9.700000000000001,11.366084672636266,10.816633262451198,9.805576598774989,17.98407063203728,6.9836688405541345,5.473308931218485,113.64099884033203,133.3780059814453,131.625,133.42799377441406
9.75,11.518589516936649,10.532773140966814,9.980331413708928,17.973040998826047,7.1428739565481,5.621303926980005,113.80000305175781,133.38600158691406,131.7729949951172,133.42799377441406
9.8,11.666725863169013,11.161404869083672,10.152166612727063,17.965028505290014,7.304067862705293,5.774303805459439,113.96099853515625,133.3939971923828,131.92599487304688,133.42799377441406
9.850000000000001,11.807863819881073,10.883880768853372,10.327209390065693,17.955013028070145,7.467265860019352,5.927303683981196,114.1240005493164,133.40199279785156,132.07899475097656,133.42799377441406
9.9,11.94155144348102,11.506105236449322,10.499379414838826,17.948008100954613,7.632461126510601,6.085311654680892,114.28900146484375,133.41000366210938,132.23699951171875,133.4290008544922
9.950000000000001,12.069208410041117,11.235420983959173,10.674839844637342,17.940005814894132,7.798653940100811,6.2433164159619885,114.45500183105469,133.41799926757812,132.39500427246094,133.4290008544922
10.0,12.182212451412013,11.852533376085495,10.847416707078185,17.93399855372525,7.967797724399778,6.406310801284196,114.6240005493164,133.4250030517578,132.55799865722656,133.4290008544922
10.05,12.289375109377131,11.588544775183662,11.023136259987721,17.926002948394412,8.1379838200473,6.5683133652585575,114.79399871826172,133.43299865722656,132.72000122070312,133.4290008544922
10.100000000000001,12.408539310301778,12.199537439692085,11.195893109508267,17.924014607028926,8.309124811372241,6.737319713463617,114.96499633789062,133.44000244140625,132.88900756835938,133.4290008544922
10.15,12.53941707665818,11.941993007156418,11.371882685988123,17.918009338434615,8.482313626713502,6.904311901418816,115.13800048828125,133.447998046875,133.05599975585938,133.4290008544922
10.200000000000001,12.680710171705526,12.54808903090372,11.545028262833375,17.915019784037582,8.658455427142858,7.077316052358236,115.31400299072266,133.4550018310547,133.22900390625,133.4290008544922
10.25,12.829429469074837,12.29713296219342,11.721464244956035,17.91003407303573,8.835588268890781,7.249313123099173,115.49099731445312,133.46200561523438,133.4010009765625,133.4290008544922
10.3,12.981701296372327,12.89628099152844,11.894951857200514,17.909039050106333,9.01468954294859,7.427306898058327,115.66999816894531,133.46800231933594,133.57899475097656,133.4290008544922
10.350000000000001,13.134089458099467,12.650221563718008,12.071585936686978,17.90405843513445,9.196823461193809,7.604308851573324,115.85199737548828,133.47500610351562,133.75599670410156,133.4290008544922
10.4,13.283792694429394,13.243104811033946,12.245285894145443,17.903078310130002,9.379963135841662,7.7863156880523405,116.03500366210938,133.48199462890625,133.93800354003906,133.4290008544922
10.450000000000001,13.429358664358299,13.003668937856705,12.422110689535195,17.899091704754,9.566057281795167,7.9683072655679155,116.22100067138672,133.48800659179688,134.1199951171875,133.4290008544922
10.5,13.570563819112541,13.588848880419738,12.59574223996862,17.900119551384005,9.75314986983117,8.156310806136469,116.40799713134766,133.49400329589844,134.30799865722656,133.4290008544922
10.55,13.708209752111076,13.354452985516186,12.772333061001873,17.89614456092063,9.943246919257167,8.342315445148559,116.5979995727539,133.5,134.49400329589844,133.4290008544922
10.600000000000001,13.843853758755737,13.9331535690702,12.945694673939684,17.898156370647545,10.134342924558133,8.535311158268229,116.78900146484375,133.50599670410156,134.68699645996094,133.42999267578125
10.65,13.979225898204282,13.705164935681154,13.122011866792159,17.896191588919653,10.327436856972259,8.726320680075707,116.98200225830078,133.51199340820312,134.8780059814453,133.42999267578125
10.700000000000001,14.11585828812508,14.277169008273393,13.294919864529126,17.89720703086779,10.52349989247809,8.923311647375767,117.1780014038086,133.51699829101562,135.0749969482422,133.42999267578125
10.75,14.254853610861511,14.055625401855128,13.470769108495299,17.89723969065476,10.720562054633524,9.120317873259383,117.375,133.52200317382812,135.27200317382812,133.42999267578125
10.8,14.396722981681586,14.622229007109496,13.643363910053404,17.9002698317671,10.919649885739963,9.32231372338847,117.5739974975586,133.5279998779297,135.4739990234375,133.42999267578125
10.850000000000001,14.541673139179197,14.408065982856664,13.819148351967268,17.900292166810924,11.120693666612926,9.523317751994643,117.7750015258789,133.53199768066406,135.6750030517578,133.42999267578125
10.9,14.689416903816046,14.965704571658605,13.991408328029735,17.90432674749886,11.323750655640815,9.730318484898097,117.97799682617188,133.53700256347656,135.8820037841797,133.42999267578125
10.950000000000001,14.839161470926104,14.760325461873709,14.167073980431436,17.905349161797016,11.528813571809845,9.936312137527064,118.18299865722656,133.54200744628906,136.08799743652344,133.42999267578125
11.0,14.989787664789278,15.307957907386355,14.3389848831281,17.909379966246437,11.736852170629065,10.148317753177373,118.39099884033203,133.54600524902344,136.3000030517578,133.42999267578125
11.05,15.140398699327902,15.113736788480924,14.514913263424575,17.910398108170494,11.945890036458897,10.358309208550986,118.5999984741211,133.5500030517578,136.50999450683594,133.42999267578125
11.100000000000001,15.290344246452511,15.648625091632134,14.686460415680767,17.916430218730177,12.15692644152886,10.57532204371655,118.81099700927734,133.5540008544922,136.7270050048828,133.43099975585938
11.15,15.439229671467624,15.464521694880748,14.862396091600726,17.918434701210796,12.3709520686167,10.791310203183523,119.0250015258789,133.5570068359375,136.9429931640625,133.43099975585938
11.200000000000001,15.587150130352812,15.988142144102113,15.033493405183597,17.923475641139717,12.586984851102455,11.012318504291638,119.24099731445312,133.56100463867188,137.16400146484375,133.43099975585938
11.25,15.73436267550662,15.816097959623768,15.20954066096046,17.926495852793177,12.804008327771117,11.23231972526182,119.45800018310547,133.56399536132812,137.38400268554688,133.43099975585938
11.3,15.881356620563519,16.328376741092473,15.380155434358759,17.932514937660034,13.024030083593841,11.458317650378232,119.6780014038086,133.56700134277344,137.61000061035156,133.43099975585938
11.350000000000001,16.028404924774467,16.167746321713434,15.556123468244433,17.936535669766528,13.24605055590144,11.684315575414455,119.9000015258789,133.57000732421875,137.83599853515625,133.43099975585938
11.4,16.175580872265638,16.66868515243999,15.726421526322572,17.942555613409173,13.470069543764016,11.914311303259819,120.1240005493164,133.572998046875,138.0659942626953,133.43099975585938
11.450000000000001,16.322887732077508,16.520041847215033,15.9023931648567,17.948575684285238,13.69507689689608,12.145314111073999,120.3489990234375,133.5749969482422,138.2969970703125,133.43099975585938
11.5,16.47043861440132,17.00863307495032,16.072460681613098,17.95558775580112,13.923090114418246,12.380314721721312,120.5770034790039,133.57699584960938,138.53199768066406,133.43099975585938
11.55,16.618096791417113,16.872481568955155,16.24833515966052,17.96060883283119,14.153094528056137,12.615315332242544,120.80699920654297,133.57899475097656,138.76699829101562,133.43099975585938
11.600000000000001,16.765912378114997,17.34789778527877,16.418262429025184,17.969611779702845,14.385105397334582,12.856314751167082,121.03900146484375,133.58099365234375,139.00799560546875,133.4320068359375
11.65,16.91379220346293,17.21890970850537,16.593701230387644,17.975632585408462,14.619115094425604,13.096320244469862,121.27300262451172,133.58299255371094,139.2480010986328,133.4320068359375
11.700000000000001,17.06172149559369,17.659837435282945,16.76087075950573,17.982644606537164,14.856116745823247,13.340323540651212,121.51000213623047,133.58399963378906,139.49200439453125,133.4320068359375
11.75,17.20970792520144,17.510941786690037,16.930355142212356,17.988650467857838,15.094124102245836,13.584311577877711,121.74800109863281,133.58599853515625,139.73599243164062,133.4320068359375
11.8,17.357742489630045,17.912485240585333,17.088765992161644,17.99666205512489,15.33412407896304,13.832312676772998,121.98799896240234,133.58700561523438,139.98399353027344,133.4320068359375
11.850000000000001,17.505822418290165,17.74757015156826,17.246748375147128,18.001675319451774,15.576130505906432,14.079321954233357,122.2300033569336,133.58799743652344,140.2310028076172,133.4320068359375
11.9,17.653946267886056,17.711931969354463,17.351073056838572,18.00568172462918,15.821127692943346,14.328314890431608,122.4749984741211,133.58900451660156,140.47999572753906,133.4320068359375
11.950000000000001,17.802148983037654,18.43225369167699,17.542294241284768,18.015675852157443,16.067129890208985,14.584311610728523,122.72100067138672,133.58900451660156,140.73599243164062,133.4320068359375
12.0,17.950463880391357,18.45853333304352,17.687284267094086,18.01769097702233,16.31613241483342,14.835318702963773,122.97000122070312,133.58999633789062,140.98699951171875,133.4320068359375
12.05,18.098970716422205,17.829146354548968,17.782950745653466,18.0146851145495,16.56613244975538,15.082312730789196,123.22000122070312,133.58999633789062,141.23399353027344,133.4320068359375
12.100000000000001,18.247506410373145,18.82688755261824,17.930849722387414,18.016682900226023,16.81913083158903,15.33731954516788,123.4729995727539,133.58999633789062,141.48899841308594,133.43299865722656
12.15,18.385104324423676,17.873858852645935,17.996344636801467,18.00868760236981,17.073128639030536,15.58332175475426,123.72699737548828,133.58999633789062,141.73500061035156,133.43299865722656
12.200000000000001,18.51439840477544,18.25553209779209,18.05591410305238,18.005681731231245,17.330132423394414,15.837319595068474,123.98400115966797,133.58999633789062,141.98899841308594,133.43299865722656
12.25,18.65433332819101,18.309349241863274,18.135754848569704,18.00269112138316,17.588128029050814,16.09232447906465,124.24199676513672,133.58999633789062,142.24400329589844,133.43299865722656
12.3,18.803239066050395,18.577693859570648,18.202275710468236,17.999692884016312,17.84813016589196,16.349328266796203,124.50199890136719,133.58999633789062,142.50100708007812,133.43299865722656
12.350000000000001,18.95974005465106,18.44056905955209,18.27157560126662,17.99368115108435,18.111130654906532,16.60631679974608,124.76499938964844,133.58999633789062,142.75799560546875,133.43299865722656
12.4,19.121208958673098,18.954902617262853,18.39587266605746,17.992673113459176,18.375132457629313,16.86931730093464,125.02899932861328,133.58900451660156,143.02099609375,133.43299865722656
12.450000000000001,19.284442064424905,18.785053868400748,18.431152683729835,17.986676636306285,18.642130749163456,17.130318894693815,125.2959976196289,133.58900451660156,143.28199768066406,133.43299865722656
12.5,19.446558659624877,18.95641313307746,18.48094066373323,17.980663820653685,18.911137456423894,17.393319388592946,125.56500244140625,133.58799743652344,143.5449981689453,133.43299865722656
12.55,19.605397378772683,18.786133714947734,18.576639399773107,17.970668787633485,19.18313480942091,17.65532805637402,125.83699798583984,133.58700561523438,143.8070068359375,133.43299865722656
12.600000000000001,19.75977192578079,18.956090602146705,18.589559704725954,17.96066701906781,19.456137434092742,17.9183285449942,126.11000061035156,133.58700561523438,144.07000732421875,133.43299865722656
12.65,19.89841273730484,18.786206077593913,18.680794427220754,17.945635750015125,19.732140248087507,18.179316816614012,126.38600158691406,133.58599853515625,144.33099365234375,133.4340057373047
12.700000000000001,20.02438225489527,18.956126847143587,18.750853902155903,17.931627933355056,20.00914245105171,18.4423173052947,126.66300201416016,133.5850067138672,144.593994140625,133.4340057373047
12.75,20.158413901529237,18.786098051309885,18.79852878310056,17.912631413912074,20.289141230395213,18.70331889448192,126.94300079345703,133.5850067138672,144.85499572753906,133.4340057373047
12.8,20.30068058562053,18.956235014602825,18.83638289860378,17.894625841671697,20.57014126505393,18.96631938394644,127.2239990234375,133.58399963378906,145.1179962158203,133.4340057373047
12.850000000000001,20.451527293124318,18.785953804162162,18.87092137306479,17.873622062177006,20.853147817667377,19.228328053710097,127.50700378417969,133.58299255371094,145.3800048828125,133.4340057373047
12.9,20.609461183770016,18.956377407791155,18.87106885211762,17.851619032078727,21.138145576213983,19.491328543065155,127.79199981689453,133.58200073242188,145.64300537109375,133.4340057373047
12.950000000000001,20.771928615594806,18.785809499237672,18.87114441520131,17.82461119998227,21.426149351142197,19.75233013215769,128.0800018310547,133.58099365234375,145.9040069580078,133.4340057373047
13.0,20.9361233929606,18.95644940922755,18.871148042816323,17.79761115718264,21.716144333361342,20.015330621039677,128.3699951171875,133.5800018310547,146.16700744628906,133.4340057373047
13.05,21.099237536670124,18.785773357242533,18.871112007045802,17.766582836818735,22.008153516263416,20.27631695058989,128.66200256347656,133.57899475097656,146.42799377441406,133.4340057373047
13.100000000000001,21.259255913829257,18.956449341489115,18.87114788098004,17.735593269738654,22.302144605130717,20.539317439137026,128.95599365234375,133.57899475097656,146.6909942626953,133.4340057373047
13.15,21.415059372026146,18.78577329841181,18.87110460306183,17.69956759465992,22.599158590235888,20.80032091147148,129.2530059814453,133.5780029296875,146.95199584960938,133.43499755859375
13.200000000000001,21.566436848728774,18.956449300839942,18.87113684843147,17.66356516373123,22.898156257937675,21.063321399856836,129.552001953125,133.57699584960938,147.21499633789062,133.43499755859375
13.25,21.708092658456952,18.785773264227238,18.871104369723202,17.62556404637376,23.19816094919053,21.325330067518564,129.8520050048828,133.5760040283203,147.4770050048828,133.43499755859375
13.3,21.82933594632375,18.956449278218233,18.871125796084744,17.585563996649185,23.501156397249225,21.588330555846568,130.15499877929688,133.5749969482422,147.74000549316406,133.43499755859375
13.350000000000001,21.92347021112415,18.78577324310138,18.87110773997866,17.542558207452604,23.805158869677378,21.849332143302796,130.45899963378906,133.57400512695312,148.00100708007812,133.43499755859375
13.4,21.986573029769257,18.956413214439117,18.871111320643458,17.500544112786326,24.110168466843355,22.112332631607522,130.76400756835938,133.572998046875,148.26400756835938,133.43499755859375
13.450000000000001,22.01821204508475,18.785773228947967,18.871107693614487,17.455532087852607,24.41616822271071,22.373318960205353,131.07000732421875,133.572998046875,148.52499389648438,133.43499755859375
13.5,22.023498430568786,18.956413203702013,18.871104073061936,17.41252633501523,24.722169585944737,22.636319448500565,131.37600708007812,133.57200622558594,148.78799438476562,133.43499755859375
13.55,22.011002252148753,18.785773216858924,18.871104059023573,17.369535745330854,25.027163924411852,22.89832811591756,131.68099975585938,133.5709991455078,149.0500030517578,133.43499755859375
13.600000000000001,21.988856708315264,18.95641319445489,18.871100444320152,17.3255229928158,25.333165287648004,23.160321524127287,131.98699951171875,133.57000732421875,149.31199645996094,133.43499755859375
13.65,21.96505640216874,18.785773206696206,18.87110043514859,17.28251719588552,25.63817322223,23.422332126946735,132.29200744628906,133.57000732421875,149.57400512695312,133.43600463867188
13.700000000000001,21.944675690141306,18.95641318619076,18.871096823683672,17.24051847554428,25.943167560693414,23.685332615230287,132.5970001220703,133.56900024414062,149.83700561523438,133.43600463867188
13.75,21.92847156772977,18.78577319758581,18.871096817019527,17.196520939597214,26.24816189915472,23.946334202489876,132.90199279785156,133.5679931640625,150.09800720214844,133.43600463867188
13.8,21.917163402338293,18.95641317885515,18.87109320708322,17.155506525603403,26.55216275365076,24.209319431982163,133.20599365234375,133.5679931640625,150.36099243164062,133.43600463867188
13.850000000000001,21.909024237624834,18.785773189671442,18.871093201740226,17.11250091250726,26.856165226078545,24.470321019199876,133.50999450683594,133.56700134277344,150.6219940185547,133.43600463867188
13.9,21.90084755441749,18.95641317292943,18.871093197589254,17.070487001578325,27.161174823241957,24.7333215074816,133.81500244140625,133.5659942626953,150.88499450683594,133.43600463867188
13.950000000000001,21.888891089866192,18.785773182844274,18.871093192978886,17.028496034423075,27.46517567773448,24.995330174744026,134.11900329589844,133.5659942626953,151.14700317382812,133.43600463867188
14.0,21.869556814116827,18.95641316814556,18.87109318942324,16.986482254145507,27.769178150161366,25.25732358294963,134.42300415039062,133.56500244140625,151.40899658203125,133.43600463867188
14.05,21.840321438562256,18.785773177260022,18.87109318546335,16.945498331277722,28.072171924576043,25.519332250183343,134.7259979248047,133.56500244140625,151.67100524902344,133.43600463867188
14.100000000000001,21.799998673193166,18.956449213110762,18.87109678732894,16.905483293832397,28.375182631339598,25.78233273847124,135.0290069580078,133.56399536132812,151.9340057373047,133.43600463867188
14.15,21.748767079646413,18.785773172160695,18.87109678387539,16.864491865644567,28.67716932567649,26.04333621008197,135.33099365234375,133.56399536132812,152.19500732421875,133.43699645996094
14.200000000000001,21.688032586122596,18.95641316098522,18.871096781354836,16.82547625091352,28.97917127880339,26.306321439584128,135.63299560546875,133.56399536132812,152.45799255371094,133.43699645996094
14.25,21.619990719978198,18.785773168362034,18.871096778432456,16.785461373469698,29.280183044650308,26.567323026692453,135.9340057373047,133.56300354003906,152.718994140625,133.43699645996094
14.3,21.547053470302874,18.956413158404974,18.87109677638744,16.749466906529452,29.579179016331633,26.830323514988397,136.23300170898438,133.56300354003906,152.98199462890625,133.43699645996094
14.350000000000001,21.47145200182148,18.785773165308036,18.871096773951102,16.71248065072929,29.878174988012958,27.092332182155356,136.53199768066406,133.56300354003906,153.24400329589844,133.43699645996094
14.4,21.394877486669643,18.95644920521225,18.87110037717938,16.677470407064295,30.176180840071776,27.355332670456562,136.8300018310547,133.56199645996094,153.5070037841797,133.43699645996094
14.450000000000001,21.31826885583376,18.785773162523594,18.87110037514731,16.642467730134403,30.472186089096112,27.61633425753383,137.12600708007812,133.56199645996094,153.76800537109375,133.43699645996094
14.5,21.24738361346892,18.956449203505315,18.871103978683287,16.60947916060621,30.768176079331035,27.879334745839444,137.4219970703125,133.56199645996094,154.031005859375,133.43699645996094
14.55,21.185715051691243,18.785773160500774,18.871103977007362,16.57647533630563,31.06218242698748,28.14033633290593,137.71600341796875,133.56199645996094,154.29200744628906,133.43699645996094
14.600000000000001,21.12145477062541,18.95641315313476,18.87110037100976,16.545470360188965,31.35617351585483,28.403321562427482,138.00999450683594,133.56199645996094,154.55499267578125,133.43699645996094
14.65,21.045205554163307,18.785773158631677,18.871100369656858,16.51346611650373,31.649174462117482,28.664323149483888,138.30299377441406,133.56100463867188,154.8159942626953,133.43699645996094
14.700000000000001,20.9571856114614,18.95644920087218,18.871103973645553,16.485459484690292,31.94017482832862,28.927325565943665,138.593994140625,133.56100463867188,155.07899475097656,133.43800354003906
14.75,20.857896300491284,18.785773157080182,18.871103972517368,16.457460387378948,32.230183373250924,29.189334233067633,138.88400268554688,133.56100463867188,155.34100341796875,133.43800354003906
14.8,20.75202046671006,18.956449199929622,18.871107576669836,16.431460138205416,32.51918483809557,29.452334721385355,139.17300415039062,133.56100463867188,155.60400390625,133.43800354003906
14.850000000000001,20.645640052523664,18.785773155776297,18.87110757571666,16.404468097807424,32.80717922286202,29.71333630842573,139.46099853515625,133.56100463867188,155.86500549316406,133.43800354003906
14.9,20.53159160889403,18.956449199244442,18.87110757511988,16.382465543369662,33.09218288497241,29.97633679674809,139.74600219726562,133.56100463867188,156.1280059814453,133.43800354003906
14.950000000000001,20.412108439336382,18.785773154755613,18.871107574343082,16.358464145613226,33.37718654708282,30.23733838378141,140.031005859375,133.56100463867188,156.38900756835938,133.43800354003906
15.0,20.298671244610127,18.95644919851484,18.871107573844036,16.339452232566636,33.6591842277477,30.500323613317402,140.31300354003906,133.56100463867188,156.65199279785156,133.43800354003906
15.05,20.194776759987786,18.785773153928382,18.871107573186794,16.32047083737363,33.940174828334015,30.762332280421564,140.593994140625,133.56100463867188,156.91400146484375,133.43800354003906
15.100000000000001,20.114387916047626,18.95641314925985,18.871107572799303,16.302465978253945,34.220173607630905,31.02432568867145,140.87399291992188,133.56100463867188,157.17599487304688,133.43800354003906
15.15,20.06506810704402,18.78577315316029,18.871107572252164,16.285468171510434,34.49918056563904,31.286334355772418,141.1529998779297,133.56100463867188,157.43800354003906,133.43800354003906
15.200000000000001,20.048796555182573,18.9564491976938,18.871107571934324,16.270461742420466,34.777180443571105,31.549336714263283,141.43099975585938,133.56100463867188,157.7010040283203,133.43899536132812
15.25,20.061937558468415,18.78577315269851,18.87110757149616,16.25245687808678,35.0561874015844,31.81033830128225,141.7100067138672,133.56100463867188,157.96200561523438,133.43899536132812
15.3,20.096929352666642,18.95644919740808,18.871107571244004,16.236466118275214,35.33517910081167,32.0733387896163,141.98899841308594,133.56100463867188,158.22500610351562,133.43899536132812
15.350000000000001,20.14462924532251,18.785773152134187,18.871107570879794,16.21844599771604,35.61418605882981,32.334325117843115,142.26800537109375,133.56100463867188,158.48599243164062,133.43899536132812
15.4,20.196110856755062,18.95644919723199,18.87110757067855,16.200456395118174,35.89517665942566,32.59732560617939,142.5489959716797,133.56100463867188,158.74899291992188,133.43899536132812
15.450000000000001,20.244457934044302,18.785773151857956,18.871107570388784,16.182474301861053,36.17517719535661,32.85933427326859,142.82899475097656,133.56199645996094,159.01100158691406,133.43899536132812
15.5,20.28549908434682,18.95644919714616,18.871107570251915,16.162470608050054,36.457174876026166,33.12132768152923,143.11099243164062,133.56199645996094,159.2729949951172,133.43899536132812
15.55,20.31833136575601,18.78577315150282,18.87110757000936,16.142466915549903,36.739187815481756,33.38333634861654,143.39300537109375,133.56199645996094,159.53500366210938,133.43899536132812
15.600000000000001,20.34475551276085,18.956449197127736,18.871111174796148,16.123470275376533,37.02118549614707,33.64633683695762,143.6750030517578,133.56199645996094,159.79800415039062,133.43899536132812
15.65,20.36844336703088,18.785773151425317,18.871111174622655,16.101483000976756,37.30417499810069,33.90733842396395,143.95799255371094,133.56199645996094,160.0590057373047,133.43899536132812
15.700000000000001,20.39411218727452,18.9564491970335,18.871111174556624,16.081471641753183,37.58717975884305,34.170340840450606,144.24099731445312,133.56199645996094,160.32200622558594,133.44000244140625
15.75,20.4197088702268,18.785773151123927,18.871111174399168,16.058462050833725,37.87117634087442,34.43132716866577,144.52499389648438,133.56199645996094,160.58299255371094,133.44000244140625
15.8,20.442605283260256,18.956449197152878,18.871111174373645,16.037458997757906,38.155189967196186,34.69432765701009,144.8090057373047,133.56300354003906,160.8459930419922,133.44000244140625
15.850000000000001,20.462513054679427,18.78577315120793,18.87111117428102,16.01547173025075,38.439186549227436,34.956336324090266,145.09300231933594,133.56300354003906,161.10800170898438,133.44000244140625
15.9,20.471621485410797,18.956413148226687,18.871107569380488,15.994476256599553,38.72318313125873,35.21933681243547,145.3769989013672,133.56300354003906,161.37100219726562,133.44000244140625
15.950000000000001,20.46503331236609,18.785773151109314,18.87110756930562,15.971481942362283,39.007179713290235,35.48033839943708,145.66099548339844,133.56300354003906,161.6320037841797,133.44000244140625
16.0,20.440660942904373,18.956449197205753,18.871107569311583,15.950471213793984,39.29119155411129,35.74333888778406,145.94500732421875,133.56300354003906,161.89500427246094,133.44000244140625
16.05,20.3991532909863,18.785773151050826,18.871107569266382,15.927484593607875,39.57518986804284,36.00434047478541,146.22900390625,133.56399536132812,162.156005859375,133.44000244140625
16.1,20.34346119449553,18.956449197380362,18.871107569291645,15.907496186454901,39.858179369998425,36.26734096313306,146.51199340820312,133.56399536132812,162.41900634765625,133.44000244140625
16.150000000000002,20.27707804045181,18.785773151114128,18.871107569260527,15.886470214657553,40.140192309455074,36.52832729134253,146.79400634765625,133.56399536132812,162.67999267578125,133.44000244140625
16.2,20.2100820179653,18.956449197538856,18.871107569311064,15.868472932090285,40.42118291004455,36.79132964985106,147.0749969482422,133.56399536132812,162.9429931640625,133.4409942626953
16.25,20.152805464135312,18.785773151302237,18.871107569328895,15.85048336078387,40.70118168934391,37.05333831692637,147.35499572753906,133.56399536132812,163.2050018310547,133.4409942626953
16.3,20.115221909700537,18.956449197710775,18.871107569384684,15.833485582181755,40.981180468641845,37.31633880527675,147.63499450683594,133.56399536132812,163.46800231933594,133.4409942626953
16.35,20.11680462256824,18.785773151366868,18.87110756940058,15.81548861933891,41.26018924417957,37.57734039227325,147.91400146484375,133.56500244140625,163.72900390625,133.4409942626953
16.400000000000002,20.16144520148876,18.956449197873166,18.871111174365225,15.798490851483933,41.540188023477704,37.84034088062363,148.19400024414062,133.56500244140625,163.99200439453125,133.4409942626953
16.45,20.239276525113482,18.785773151417768,18.87111117439607,15.779494245005207,41.82018680277938,38.101342467619375,148.4739990234375,133.56500244140625,164.2530059814453,133.4409942626953
16.5,20.339140611378664,18.95641314919515,18.87110756959501,15.76049764005712,42.10218448345242,38.36434295597067,148.75599670410156,133.56500244140625,164.51600646972656,133.4409942626953
16.55,20.442101455828464,18.785773151632878,18.871107569653216,15.738495148263317,42.38618106549381,38.626336364254925,149.0399932861328,133.56500244140625,164.7779998779297,133.4409942626953
16.6,20.524361638875874,18.956449198315124,18.87110756974669,15.716485257269138,42.67019463812757,38.88832977252906,149.32400512695312,133.5659942626953,165.0399932861328,133.4409942626953
16.650000000000002,20.5691463726886,18.785773151937686,18.871107569829046,15.692499200655586,42.95619012152929,39.150338439601626,149.61000061035156,133.5659942626953,165.302001953125,133.4409942626953
16.7,20.568100795190063,18.95644919849952,18.871107569925112,15.670496725937662,43.241193783638835,39.41333892795385,149.89500427246094,133.5659942626953,165.56500244140625,133.4409942626953
16.75,20.522237915380597,18.785773152039834,18.871107569998873,15.645495612163323,43.52718926703851,39.67434245786114,150.18099975585938,133.5659942626953,165.8260040283203,133.44200134277344
16.8,20.440516677720368,18.95644919873758,18.87110757010155,15.62450017871276,43.811185849075464,39.93734294621406,150.46499633789062,133.5659942626953,166.08900451660156,133.44200134277344
16.85,20.33629744272069,18.785773152215484,18.871107570186414,15.602505734394828,44.094192401683316,40.19834453320659,150.7480010986328,133.56700134277344,166.35000610351562,133.44200134277344
16.900000000000002,20.224192056959765,18.956449199042627,18.87110757030336,15.583509152461481,44.37619008236002,40.46134502155951,151.02999877929688,133.56700134277344,166.61300659179688,133.44200134277344
16.95,20.117056268164372,18.78577315242927,18.87110757040451,15.565504361212236,44.656188861668504,40.72333842984105,151.30999755859375,133.56700134277344,166.875,133.44200134277344
17.0,20.023924628600877,18.9564491992435,18.871111175409347,15.549498408191665,44.93418873960582,40.985331838116124,151.58799743652344,133.56700134277344,167.13699340820312,133.44200134277344
17.05,19.94897194797803,18.785773152645795,18.871111175510638,15.53350771442741,45.21218861753929,41.24734050518672,151.86599731445312,133.56700134277344,167.3990020751953,133.44200134277344
17.1,19.891336455304117,18.956449199471315,18.871111175626258,15.520515667161684,45.48819137617318,41.51034099354058,152.14199829101562,133.5679931640625,167.66200256347656,133.44200134277344
17.150000000000002,19.846120727788893,18.785773152945268,18.871111175727016,15.505516772158847,45.76419235273577,41.77134258053238,152.41799926757812,133.5679931640625,167.92300415039062,133.44200134277344
17.2,19.812639766303732,18.95644919974882,18.871111175851944,15.49251671348234,46.04019332929836,42.03434306888624,152.69400024414062,133.5679931640625,168.18600463867188,133.44200134277344
17.25,19.795540459292024,18.785773153214972,18.871111175969457,15.47851682555512,46.31518722578341,42.29534654036067,152.968994140625,133.5679931640625,168.44700622558594,133.4429931640625
17.3,19.796079389086593,18.956449200035927,18.871111176099294,15.467515597709255,46.589189300980266,42.55834702871453,153.2429962158203,133.5679931640625,168.7100067138672,133.4429931640625
17.35,19.81318023630008,18.7857731533481,18.871111176212555,15.454500275988451,46.86419845625659,42.820340436995096,153.51800537109375,133.5679931640625,168.9720001220703,133.4429931640625
17.400000000000002,19.843778843917157,18.956449200276026,18.871111176335894,15.440501352060918,47.14020127014775,43.08233384527111,153.79400634765625,133.56900024414062,169.23399353027344,133.4429931640625
17.45,19.883992207593,18.7857731536807,18.87111117646104,15.426509508815153,47.416202246714654,43.34434251234073,154.07000732421875,133.56900024414062,169.49600219726562,133.4429931640625
17.5,19.929674702341405,18.956413151609922,18.87110757169768,15.413524712950931,47.692187964492554,43.60734300069459,154.3459930419922,133.56900024414062,169.75900268554688,133.4429931640625
17.55,19.977520146990425,18.7857731538432,18.871107571817422,15.396526990545127,47.970187842426185,43.86834458768639,154.62399291992188,133.56900024414062,170.02000427246094,133.4429931640625
17.6,20.025219669463166,18.956449200795436,18.871107571949835,15.382519891802533,48.24719589906986,44.13134507604025,154.9010009765625,133.56900024414062,170.2830047607422,133.4429931640625
17.650000000000002,20.065503424655148,18.78577315420018,18.871107572075324,15.364530383751989,48.52618759829051,44.39234666303107,155.17999267578125,133.56900024414062,170.54400634765625,133.4429931640625
17.7,20.09279067000605,18.95641315219014,18.87110396731946,15.348524452951064,48.805194556299085,44.655347151385634,155.45899963378906,133.56900024414062,170.8070068359375,133.4429931640625
17.75,20.10632784243126,18.78577315438342,18.871103967436305,15.331511477089121,49.08420333183693,44.917342495221625,155.73800659179688,133.57000732421875,171.06900024414062,133.44400024414062
17.8,20.099991759132767,18.956449201380074,18.871103967570722,15.314513760887317,49.363195031055774,45.17933590349859,156.01699829101562,133.57000732421875,171.33099365234375,133.44400024414062
17.85,20.072343911597642,18.785773154676637,18.871103967703576,15.297516045841585,49.64220198906435,45.44134457056749,156.29600524902344,133.57000732421875,171.59300231933594,133.44400024414062
17.900000000000002,20.02529144134192,18.956449201668548,18.871103967842828,15.281525378029047,49.92119368828531,45.70434505892324,156.5749969482422,133.57000732421875,171.8560028076172,133.44400024414062
17.95,19.963299269210992,18.78577315498422,18.871103967973177,15.265519452966375,50.19820174492952,45.965346645913094,156.8520050048828,133.57000732421875,172.11700439453125,133.44400024414062
18.0,19.892018499280518,18.956449201997042,18.87110757301189,15.25152762056359,50.4751945427857,46.22834713426861,157.12899780273438,133.57000732421875,172.3800048828125,133.44400024414062
18.05,19.81713798834721,18.785773155267194,18.87110757315429,15.236528743283557,50.751195519352606,46.48934872125751,157.40499877929688,133.57000732421875,172.64100646972656,133.44400024414062
18.1,19.743230785221822,18.95644920223549,18.871107573298296,15.22553577356747,51.025199389622394,46.75234920961207,157.6790008544922,133.5709991455078,172.9040069580078,133.44400024414062
18.150000000000002,19.67335421296638,18.785773155515734,18.87110757342985,15.213527524599677,51.29920146482042,47.014342617889746,157.9530029296875,133.5709991455078,173.16600036621094,133.44400024414062
18.2,19.6151420262243,18.956449202553475,18.871111178466183,15.203533366280597,51.57219645993899,47.27734310624526,158.2259979248047,133.5709991455078,173.4290008544922,133.44400024414062
18.25,19.584363072133932,18.785773155775207,18.87111117860536,15.19252377831505,51.844199633767346,47.53834663614765,158.4980010986328,133.5709991455078,173.69000244140625,133.44500732421875
18.3,19.596169891025077,18.956449202914886,18.87111117875884,15.183521402592001,52.11620280759586,47.8013471245034,158.77000427246094,133.5709991455078,173.9530029296875,133.44500732421875
18.35,19.651034560715328,18.78577315614756,18.871111178905934,15.172520194676585,52.38820598142729,48.0623487114935,159.04200744628906,133.5709991455078,174.21400451660156,133.44500732421875
18.400000000000002,19.736173456017823,18.956449203096913,18.871111179048775,15.16154264793642,52.66219464867278,48.32534919984925,159.3159942626953,133.57200622558594,174.4770050048828,133.44500732421875
18.45,19.83862956610331,18.7857731563514,18.871111179185494,15.147535571418725,52.93720380395804,48.58635078683935,159.59100341796875,133.57200622558594,174.73800659179688,133.44500732421875
18.5,19.946233815916994,18.95644920349209,18.871111179335,15.134535540547141,53.213204780533076,48.84935127519606,159.86700439453125,133.57200622558594,175.00100708007812,133.44500732421875
18.55,20.042714406643462,18.78577315672544,18.871111179480824,15.118529634934024,53.49120465847287,49.111344683474925,160.14500427246094,133.57200622558594,175.26300048828125,133.44500732421875
18.6,20.107801547610233,18.95644920381937,18.87111117963921,15.102538988880282,53.77019635769686,49.374345171831635,160.4239959716797,133.57200622558594,175.5260009765625,133.44500732421875
18.650000000000002,20.129906356218257,18.785773157002915,18.87111117978793,15.083542468977221,54.05019513699459,49.63534675882173,160.70399475097656,133.57200622558594,175.78700256347656,133.44500732421875
18.7,20.103338275987575,18.956449204115,18.871111179944084,15.067536567280952,54.32920209500278,49.89834724717844,160.98300170898438,133.57200622558594,176.0500030517578,133.44500732421875
18.75,20.029934065242557,18.78577315734931,18.871111180101494,15.049555497084594,54.60819555719319,50.15934883416854,161.26199340820312,133.572998046875,176.31100463867188,133.44500732421875
18.8,19.9275860213067,18.956449204373577,18.87111118024736,15.035540025608164,54.88520361384456,50.42235119268522,161.53900146484375,133.572998046875,176.57400512695312,133.4459991455078
18.85,19.81245776039103,18.785773157679987,18.871111180400604,15.020541171482206,55.161204590421875,50.68335277967532,161.81500244140625,133.572998046875,176.8350067138672,133.4459991455078
18.900000000000002,19.684621418266946,18.956449204732937,18.871111180564206,15.009539978131807,55.435206665632535,50.94635326803203,162.08900451660156,133.572998046875,177.09800720214844,133.4459991455078
18.95,19.551672998823975,18.785773157913695,18.871111180720433,14.999545829223015,55.70719458068622,51.208346676310896,162.36099243164062,133.572998046875,177.36000061035156,133.4459991455078
19.0,19.4338462447761,18.956449204983013,18.871111180869526,14.991535252298355,55.97820593323564,51.471347164667606,162.6320037841797,133.572998046875,177.6230010986328,133.4459991455078
19.05,19.3516581512632,18.78577315826968,18.87111118102395,14.983539933818506,56.247203125623216,51.7323487516577,162.9010009765625,133.572998046875,177.88400268554688,133.4459991455078
19.1,19.318357528533284,18.956449205349518,18.871111181176964,14.97853523089723,56.515208496717364,51.99534924001441,163.16900634765625,133.572998046875,178.14700317382812,133.4459991455078
19.150000000000002,19.34021002289918,18.785773158548423,18.87111118133151,14.970548490124921,56.78420757426366,52.25635082700451,163.43800354003906,133.57400512695312,178.4080047607422,133.4459991455078
19.200000000000003,19.40756482848874,18.95644920564849,18.87111118148486,14.964552005401607,57.053204766653835,52.51935131536122,163.70700073242188,133.57400512695312,178.67100524902344,133.4459991455078
19.25,19.50130916673846,18.785773158881113,18.871111181638042,14.955549649391314,57.32320903912908,52.78035290235132,163.9770050048828,133.57400512695312,178.9320068359375,133.4459991455078
19.3,19.607617414535902,18.956449205936487,18.871111181794333,14.946553961172445,57.59519695418616,53.04335531885381,164.24899291992188,133.57400512695312,179.19500732421875,133.44700622558594
19.35,19.713997756267087,18.785773159231262,18.871111181949463,14.935537513430015,57.868207208109,53.30534872713268,164.52200317382812,133.57400512695312,179.45700073242188,133.44700622558594
19.400000000000002,19.808497416710416,18.956413157381476,18.871107577214318,14.923544539250369,58.14320110460604,53.56834921548939,164.7969970703125,133.57400512695312,179.72000122070312,133.44700622558594
19.450000000000003,19.883197646266147,18.785773159414074,18.871107577364356,14.908545693241404,58.419202081175364,53.82935080247949,165.072998046875,133.57400512695312,179.9810028076172,133.44700622558594
19.5,19.928990090227316,18.95644920655517,18.87110757752157,14.895545677146114,58.695203057740095,54.0923512908362,165.3489990234375,133.57400512695312,180.24400329589844,133.44700622558594
19.55,19.937305390669664,18.785773159747865,18.871107577669388,14.879539789768003,58.97221111438076,54.353352877826296,165.62600708007812,133.57400512695312,180.5050048828125,133.44700622558594
19.6,19.907714378129864,18.95644920688808,18.871107577823246,14.86555649678336,59.24920568792282,54.616353366183006,165.9029998779297,133.5749969482422,180.76800537109375,133.44700622558594
19.650000000000002,19.846621757505236,18.785773160067745,18.87110757797518,14.851549448037796,59.52520666449019,54.878346774461875,166.1790008544922,133.5749969482422,181.02999877929688,133.44700622558594
19.700000000000003,19.764397611684988,18.956449207191202,18.871107578129454,14.838564701223367,59.80020056098321,55.140355441529806,166.45399475097656,133.5749969482422,181.29200744628906,133.44700622558594
19.75,19.672850522659324,18.78577316038048,18.87110757827939,14.826556481241607,60.07420263618938,55.402348849808675,166.72799682617188,133.5749969482422,181.5540008544922,133.44700622558594
19.8,19.58266985501372,18.956449207509575,18.8711075784367,14.817545597445983,60.3462058100274,55.665351208325355,167.0,133.5749969482422,181.81700134277344,133.447998046875
19.85,19.50847435832379,18.785773160684624,18.871107578582034,14.807551457884367,60.61720190378441,55.92635279531545,167.27099609375,133.5749969482422,182.0780029296875,133.447998046875
19.900000000000002,19.459046166512927,18.956449207839093,18.871111183627796,14.799540888471574,60.8882132563264,56.18935328367216,167.54200744628906,133.5749969482422,182.34100341796875,133.447998046875
19.950000000000003,19.428445806637985,18.785773160997405,18.871111183786127,14.79055379276875,61.158202269998796,56.45035487066226,167.81199645996094,133.5749969482422,182.6020050048828,133.447998046875
20.0,19.416242408663344,18.956449208137208,18.87111118394433,14.783550266960315,61.42820654245973,56.71335535901897,168.08200073242188,133.5749969482422,182.86500549316406,133.447998046875
20.05,19.42545721790733,18.78577316133995,18.87111118410354,14.77654674128829,61.697203734843306,56.97534876729784,168.3509979248047,133.5749969482422,183.1269989013672,133.447998046875
20.1,19.454761561373566,18.956413159518394,18.871107579366573,14.768560125857446,61.96720988543715,57.23735743436577,168.62100219726562,133.5760040283203,183.38900756835938,133.447998046875
20.150000000000002,19.498070060819348,18.785773161629667,18.871107579522764,14.759557778642101,62.23820597919103,57.49935084264464,168.89199829101562,133.5760040283203,183.6510009765625,133.447998046875
20.200000000000003,19.550665446339686,18.956413159811593,18.871103974784802,14.75156247411684,62.50920207294558,57.76235133100135,169.16299438476562,133.5760040283203,183.91400146484375,133.447998046875
20.25,19.604342295279192,18.78577316194397,18.871103974941153,14.740561301675644,62.781205246778406,58.023352917991446,169.43499755859375,133.5760040283203,184.1750030517578,133.447998046875
20.3,19.648261915678095,18.95641316011289,18.871100370201486,14.730558455099516,63.05420024189883,58.28635533449394,169.70799255371094,133.5760040283203,184.43800354003906,133.44900512695312
20.35,19.683397621705478,18.785773162302302,18.871100370363255,14.718550234728367,63.327210495806774,58.54735692148404,169.9810028076172,133.5760040283203,184.69900512695312,133.44900512695312
20.400000000000002,19.706041520945767,18.956413160428887,18.871096765622234,14.707549057734587,63.60121257100277,58.81035740984075,170.2550048828125,133.5760040283203,184.96200561523438,133.44900512695312
20.450000000000003,19.70816668374278,18.785773162616813,18.871096765784177,14.69654788122708,63.87420756611996,59.07235081811962,170.5279998779297,133.5760040283203,185.2239990234375,133.44900512695312
20.5,19.68674676332334,18.956449209700267,18.871096765940486,14.68454827427075,64.14821143638638,59.334344226398485,170.802001953125,133.57699584960938,185.48599243164062,133.44900512695312
20.55,19.642897545483667,18.78577316285342,18.87109676609183,14.673562363706074,64.42120643150525,59.59635289346642,171.0749969482422,133.57699584960938,185.7480010986328,133.44900512695312
20.6,19.581013582352284,18.95644920994057,18.871100371134045,14.664560020897921,64.69320960533683,59.85935338182313,171.3470001220703,133.57699584960938,186.01100158691406,133.44900512695312
20.650000000000002,19.507393109633483,18.785773163213868,18.871100371292464,14.653558853261076,64.96521277916966,60.120354968813224,171.61900329589844,133.57699584960938,186.27200317382812,133.44900512695312
20.700000000000003,19.428590176343004,18.95644921031315,18.871103976342617,14.646555336419206,65.23521705163583,60.383355457169934,171.88900756835938,133.57699584960938,186.53500366210938,133.44900512695312
20.75,19.356301808667563,18.78577316349909,18.87110397649813,14.638560036337001,65.50421424402299,60.64435704416003,172.1580047607422,133.57699584960938,186.79600524902344,133.44900512695312
20.8,19.29934969488318,18.956449210642813,18.871107581551122,14.632554919767806,65.77321143640822,60.90735940267671,172.427001953125,133.57699584960938,187.0590057373047,133.4499969482422
20.85,19.255574295239622,18.78577316378237,18.87110758169913,14.627550225465317,66.04020972742464,61.16935281095558,172.69400024414062,133.57699584960938,187.3209991455078,133.4499969482422
20.900000000000002,19.228609748578464,18.956449210878077,18.87111118674405,14.621538489319269,66.30821509851846,61.43134621923445,172.96200561523438,133.57699584960938,187.58299255371094,133.4499969482422
20.950000000000003,19.22508212525387,18.785773164103905,18.871111186892758,14.616557838437574,66.5752152888099,61.69335488630238,173.22900390625,133.5780029296875,187.84500122070312,133.4499969482422
21.0,19.245458352697337,18.956449211255322,18.871111187048264,14.612560189120968,66.84221357982697,61.95635537465909,173.49600219726562,133.5780029296875,188.10800170898438,133.4499969482422
21.05,19.28808192058285,18.78577316438724,18.871111187201645,14.606563715158755,67.10921187084591,62.21735696164919,173.76300048828125,133.5780029296875,188.36900329589844,133.4499969482422
21.1,19.349641470834957,18.95644921145889,18.871111187353478,14.600567241506615,67.37820906323422,62.4803574500059,174.03199768066406,133.5780029296875,188.6320037841797,133.4499969482422
21.150000000000002,19.42308171431411,18.785773164733722,18.871111187505463,14.592571943456619,67.64720625562381,62.741359036995995,174.30099487304688,133.5780029296875,188.89300537109375,133.4499969482422
21.200000000000003,19.500626379051226,18.956449211863916,18.87111118766054,14.585568428954097,67.9172105280915,63.004359525352704,174.5709991455078,133.5780029296875,189.156005859375,133.4499969482422
21.25,19.576081914785053,18.785773164991788,18.87111118780981,14.575559049042191,68.189213701925,63.26635293363157,174.84300231933594,133.5780029296875,189.41799926757812,133.4499969482422
21.3,19.6451653641241,18.95641316325343,18.87110758307087,14.566556710971446,68.46121687575699,63.52935342198828,175.11500549316406,133.5780029296875,189.68099975585938,133.4499969482422
21.35,19.69981379410757,18.785773165248276,18.87110758321746,14.553556590863616,68.7352207460249,63.790356951890914,175.38900756835938,133.57899475097656,189.94200134277344,133.4510040283203
21.400000000000002,19.728937877774882,18.95644921248734,18.871107583378386,14.542570687991157,69.00920756243147,64.05335744024762,175.66299438476562,133.57899475097656,190.2050018310547,133.4510040283203
21.450000000000003,19.726165531766604,18.785773165598417,18.871107583527838,14.529570703610238,69.28320963762695,64.31435902723771,175.93699645996094,133.57899475097656,190.46600341796875,133.4510040283203
21.5,19.689805895593707,18.95644921275554,18.87110758367786,14.519561326683744,69.556219891535,64.57735951559442,176.2100067138672,133.57899475097656,190.72900390625,133.4510040283203
21.55,19.625654273065265,18.785773165913064,18.87110758383044,14.507568384771444,69.82921488665735,64.83836110258451,176.48300170898438,133.57899475097656,190.99000549316406,133.4510040283203
21.6,19.543682456892128,18.956449213080862,18.871107583992636,14.49856604984665,70.10121806049358,65.10136159094122,176.7550048828125,133.57899475097656,191.2530059814453,133.4510040283203
21.650000000000002,19.453321551309845,18.78577316621929,18.871107584141193,14.489563715233636,70.37221415425326,65.36335499922009,177.0260009765625,133.57899475097656,191.51499938964844,133.4510040283203
21.700000000000003,19.362890259220766,18.95641316449178,18.87110397940398,14.48357617976348,70.64121323180711,65.6263554875768,177.2949981689453,133.5800018310547,191.7779998779297,133.4510040283203
21.75,19.279766595027198,18.78577316651085,18.871103979555887,14.475580891528338,70.91021042419615,65.88735707456689,177.56399536132812,133.5800018310547,192.03900146484375,133.4510040283203
21.8,19.214245120880015,18.956449213690316,18.871107584599578,14.471583247625754,71.17720871521534,66.1503575629236,177.83099365234375,133.5800018310547,192.302001953125,133.4510040283203
21.85,19.18040549229358,18.785773166831166,18.871107584757866,14.466569753632198,71.4432151849426,66.41136103439634,178.0970001220703,133.5800018310547,192.56300354003906,133.45199584960938
21.900000000000002,19.17889313203118,18.95644921400617,18.871107584909748,14.462572107506132,71.7102134759583,66.67436152275305,178.36399841308594,133.5800018310547,192.8260040283203,133.45199584960938
21.950000000000003,19.201969626127244,18.78577316713084,18.871107585062994,14.457567420750886,71.97621994568645,66.93536310974315,178.6300048828125,133.5800018310547,193.08700561523438,133.45199584960938
22.0,19.247834158424787,18.956449214278187,18.87110758521526,14.453569774832784,72.24321823670624,67.19836359809986,178.89700317382812,133.5800018310547,193.35000610351562,133.45199584960938
22.05,19.312093938558938,18.785773167486166,18.871107585372567,14.447573305967861,72.51120834901738,67.46035700637873,179.1649932861328,133.5800018310547,193.61199951171875,133.45199584960938
22.1,19.386397624639326,18.95644921459158,18.87110758552364,14.441561579230369,72.78022080019714,67.72335749473544,179.4340057373047,133.5800018310547,193.875,133.45199584960938
22.150000000000002,19.46268229275184,18.785773167803576,18.871107585682065,14.432574505709452,73.05020981387665,67.98435908172553,179.70399475097656,133.5800018310547,194.13600158691406,133.45199584960938
22.200000000000003,19.534646243596967,18.956449214936185,18.871111190726506,14.424572792476365,73.32122298130137,68.24735957008224,179.97500610351562,133.58099365234375,194.3990020751953,133.45199584960938
22.25,19.592461833401117,18.785773168033575,18.871111190878782,14.414578685536108,73.59221907505469,68.50836115707233,180.24600219726562,133.58099365234375,194.66000366210938,133.45199584960938
22.3,19.618777530690192,18.956449215241033,18.871111191033854,14.40458457927061,73.86521407017283,68.77136164542904,180.5189971923828,133.58099365234375,194.92300415039062,133.45199584960938
22.35,19.60844693776802,18.785773168350026,18.87111119118574,14.393574443391902,74.137217244001,69.03236517533166,180.79100036621094,133.58099365234375,195.1840057373047,133.4530029296875
22.400000000000002,19.56938534921551,18.9564492155702,18.87111119134214,14.384572114056478,74.40922041783081,69.29536566368837,181.06300354003906,133.58099365234375,195.44700622558594,133.4530029296875
22.450000000000003,19.506890258168355,18.78577316866349,18.87111119149541,14.374562744876378,74.68122359166341,69.55735907196724,181.3350067138672,133.58099365234375,195.70899963378906,133.4530029296875
22.5,19.429633984401082,18.956449215828673,18.871111191650456,14.367574496696916,74.95121260534225,69.82035956032395,181.60499572753906,133.58099365234375,195.9720001220703,133.4530029296875
22.55,19.34676266190625,18.78577316901029,18.87111119180287,14.359588220270302,75.22021168289524,70.08136114731406,181.87399291992188,133.58200073242188,196.23300170898438,133.4530029296875
22.6,19.266013074920867,18.956449216174445,18.871111191961155,14.35458353952482,75.4882170539958,70.34436163567077,182.14199829101562,133.58200073242188,196.49600219726562,133.4530029296875
22.650000000000002,19.192610633739356,18.7857731692748,18.87111119210828,14.348587077594754,75.75521534501621,70.60536322266086,182.40899658203125,133.58200073242188,196.7570037841797,133.4530029296875
22.700000000000003,19.135153828645173,18.956449216481406,18.871111192262802,14.34558121770503,76.02122181474526,70.86836371101757,182.6750030517578,133.58200073242188,197.02000427246094,133.4530029296875
22.75,19.098650033368823,18.78577316957265,18.87111119241671,14.341583576584835,76.28721302568329,71.13035711929643,182.9409942626953,133.58200073242188,197.28199768066406,133.4530029296875
22.8,19.081909621121806,18.95644921678091,18.871111192570698,14.338592974996043,76.55221241533172,71.39236578636437,183.20599365234375,133.58200073242188,197.54400634765625,133.4530029296875
22.85,19.088173568054643,18.785773169914137,18.871111192727106,14.335578224645426,76.81721180498077,71.65436107199189,183.4709930419922,133.58200073242188,197.80599975585938,133.45399475097656
22.900000000000002,19.115857422927554,18.95644921709346,18.871111192879432,14.333579403048029,77.0822111946315,71.9173615603486,183.73599243164062,133.58200073242188,198.06900024414062,133.45399475097656
22.950000000000003,19.160678254551417,18.7857731702038,18.871111193033464,14.328574719843107,77.34821766436224,72.1783631473387,184.0019989013672,133.58200073242188,198.3300018310547,133.45399475097656
23.0,19.206865517396466,18.956449217424808,18.87111119319308,14.325568858453975,77.61422413409362,72.44136363569541,184.26800537109375,133.58200073242188,198.59300231933594,133.45399475097656
23.05,19.23692518753249,18.785773170548826,18.87111119334693,14.318589513233075,77.88221608174214,72.7023652226855,184.53599548339844,133.58299255371094,198.85400390625,133.45399475097656
23.1,19.25010195537671,18.956449217663145,18.8711111934958,14.31459187285692,78.14921437275932,72.96536571104221,184.80299377441406,133.58299255371094,199.11700439453125,133.45399475097656
23.150000000000002,19.24520619483504,18.785773170854775,18.8711111936538,14.30957193511474,78.41622792256427,73.22735911932108,185.07000732421875,133.58299255371094,199.37899780273438,133.45399475097656
23.200000000000003,19.2239665503588,18.95641316916549,18.871107588922207,14.304582513971681,78.68322621357993,73.48936778638901,185.33700561523438,133.58299255371094,199.64100646972656,133.45399475097656
23.25,19.192717291369636,18.78577317115744,18.871107589080687,14.29957783467432,78.95022450459608,73.75136119466788,185.60400390625,133.58299255371094,199.9029998779297,133.45399475097656
23.3,19.159634687125244,18.95641316945891,18.871103984348487,14.296587233793131,79.21621571553459,74.01436168302459,185.8699951171875,133.58299255371094,200.16600036621094,133.45399475097656
23.35,19.13126589384546,18.785773171451467,18.87110398450222,14.291582554722625,79.48222218526205,74.27536327001468,186.13600158691406,133.58299255371094,200.427001953125,133.45399475097656
23.400000000000002,19.098397870024147,18.956449218615983,18.87110398465447,14.288582897518927,79.74821339620024,74.53836568651717,186.40199279785156,133.58299255371094,200.69000244140625,133.4550018310547
23.450000000000003,19.063586656731417,18.785773171843008,18.87110398481839,14.284579055980712,80.01322995813007,74.79936727350727,186.66700744628906,133.58399963378906,200.9510040283203,133.4550018310547
23.5,19.039214187367094,18.9564131700491,18.87110038008082,14.283587275193481,80.27722226770076,75.06236776186398,186.93099975585938,133.58399963378906,201.21400451660156,133.4550018310547
23.55,19.033274713105097,18.78577317215836,18.871100380241774,14.280581416302702,80.54222165734923,75.32436117014285,187.1959991455078,133.58399963378906,201.4759979248047,133.4550018310547
23.6,19.050842565115754,18.956449219351747,18.871100380410635,14.278582596564231,80.80622922570882,75.58636983721078,187.4600067138672,133.58399963378906,201.73800659179688,133.4550018310547
23.650000000000002,19.093430083376212,18.785773172383077,18.871100380563465,14.275576737768336,81.07122861535859,75.84836324548965,187.72500610351562,133.58399963378906,202.0,133.4550018310547
23.700000000000003,19.157401472992987,18.956449219634155,18.87110398561033,14.27258613731622,81.33721982629928,76.11136373384636,187.99099731445312,133.58399963378906,202.26300048828125,133.4550018310547
23.75,19.23595377393759,18.785773172693876,18.871103985763973,14.267581458954057,81.6032262960309,76.37236532083645,188.2570037841797,133.58399963378906,202.5240020751953,133.4550018310547
23.8,19.32257070754152,18.95644921991659,18.87110759080974,14.262592039026087,81.87121640834137,76.63536580919316,188.52499389648438,133.58399963378906,202.78700256347656,133.4550018310547
23.85,19.405009407028576,18.785773172971854,18.871107590961778,14.25459065177965,82.1402307445738,76.89636739618325,188.79400634765625,133.5850067138672,203.04800415039062,133.4550018310547
23.900000000000002,19.465454840305195,18.956449220214758,18.871107591121657,14.24759340172352,82.41021975824847,77.15936975469992,189.06399536132812,133.5850067138672,203.31100463867188,133.45599365234375
23.950000000000003,19.49263398651705,18.78577317331144,18.8711075912685,14.238575827281762,82.68123111078813,77.42136316297879,189.3350067138672,133.5850067138672,203.572998046875,133.45599365234375
24.0,19.480034013091014,18.95644922051814,18.871111196315404,14.229588769752269,82.95222720453836,77.68337183004672,189.6060028076172,133.5850067138672,203.8350067138672,133.45599365234375
24.05,19.42733048933871,18.78577317359693,18.87111119645926,14.221578234864884,83.2222314770022,77.94536523832559,189.87600708007812,133.5850067138672,204.0970001220703,133.45599365234375
24.1,19.343377708223898,18.956449220786592,18.871111196602747,14.21558177766428,83.49122866939267,78.2083657266823,190.14500427246094,133.5850067138672,204.36000061035156,133.45599365234375
24.150000000000002,19.241678555731685,18.785773173951235,18.871111196759564,14.208593540136187,83.75921878170882,78.4693673136724,190.41299438476562,133.5850067138672,204.62100219726562,133.45599365234375
24.200000000000003,19.134505116590493,18.956449221147455,18.871111196910896,14.205596724866771,84.02522710047455,78.7323678020291,190.6790008544922,133.58599853515625,204.88400268554688,133.45599365234375
24.25,19.032086701092872,18.785773174200507,18.87111119706156,14.201599089513838,84.29022649013386,78.9933693890192,190.94400024414062,133.58599853515625,205.14500427246094,133.45599365234375
24.3,18.949141586042366,18.956413172554452,18.871107592325345,14.20060730982777,84.5542187997108,79.2563698773759,191.20799255371094,133.58599853515625,205.4080047607422,133.45599365234375
24.35,18.901514106085518,18.785773174498768,18.871107592478033,14.200592051609396,84.81622746670517,79.51836328565477,191.47000122070312,133.58599853515625,205.6699981689453,133.45599365234375
24.400000000000002,18.898237085257833,18.956449221750745,18.871107592631635,14.19959108730222,85.07922795498642,79.78037388816733,191.73300170898438,133.58599853515625,205.9320068359375,133.45700073242188
24.450000000000003,18.94089840069742,18.785773174832457,18.871107592783737,14.198584048736059,85.34222844326969,80.0423672964462,191.99600219726562,133.58599853515625,206.19400024414062,133.45700073242188
24.5,19.020602542618313,18.95641317319881,18.8711039880518,14.198584048814551,85.6052289315587,80.30536778480291,192.25900268554688,133.58599853515625,206.45700073242188,133.45700073242188
24.55,19.125470549264733,18.785773175148073,18.871103988206915,14.194586411088249,85.87022832122028,80.566369371793,192.5240020751953,133.58599853515625,206.71800231933594,133.45700073242188
24.6,19.243549629339302,18.956449222399552,18.871103988368212,14.190588773580119,86.13722661225155,80.82936986014971,192.79100036621094,133.58599853515625,206.9810028076172,133.45700073242188
24.650000000000002,19.34539469478478,18.785773175434663,18.871103988516552,14.183585278892851,86.40523198335941,81.0903714471398,193.0590057373047,133.58599853515625,207.24200439453125,133.45700073242188
24.700000000000003,19.409257949911005,18.865909950502896,18.862050061452095,14.17659098393181,86.6742310609116,81.35236485593275,193.3280029296875,133.58700561523438,207.50399780273438,133.45700073242188
24.75,19.443962746326626,18.784873661155014,18.861960110147546,14.167588677151793,86.94423533337407,81.61336644287823,193.59800720214844,133.58700561523438,207.76499938964844,133.45700073242188
24.8,19.44943358945943,18.95652131704437,18.86197092459654,14.160600446205208,87.21422434704594,81.87636693126163,193.8679962158203,133.58700561523438,208.0279998779297,133.45700073242188
24.85,19.422470702673657,18.78584526809766,18.86197813395643,14.15258991969406,87.48422861950806,82.13836033951836,194.13800048828125,133.58700561523438,208.2899932861328,133.45700073242188
24.900000000000002,19.368757813962567,18.956413170678616,18.861974528849217,14.144585570624802,87.75423289197333,82.40037088385981,194.4080047607422,133.58700561523438,208.552001953125,133.45799255371094
24.950000000000003,19.296902006185753,18.785737122159656,18.861970923581936,14.138589116012335,88.02222300428534,82.66236429211594,194.67599487304688,133.58700561523438,208.81399536132812,133.45799255371094
25.0,19.216729207184187,18.956449220236404,18.861974528285696,14.134591479810897,88.28922129530986,82.92536478050356,194.9429931640625,133.58700561523438,209.07699584960938,133.45799255371094
25.05,19.136954648400522,18.785773172044454,18.861974527975335,14.128588858878722,88.55623668717546,83.18636636747307,195.2100067138672,133.58799743652344,209.33799743652344,133.45799255371094
25.1,19.06398135005895,18.956449220828503,18.861974527818226,14.12659004219536,88.82123607683,83.4493668558573,195.47500610351562,133.58799743652344,209.6009979248047,133.45799255371094
25.150000000000002,19.00083740002783,18.78577317286171,18.861974527560932,14.123599446155914,89.08522838640387,83.71036844282827,195.73899841308594,133.58799743652344,209.86199951171875,133.45799255371094
25.200000000000003,18.958754593385997,18.95644922145981,18.871028454656624,14.122592408800866,89.34923595476458,83.97336893120945,196.0030059814453,133.58799743652344,210.125,133.45799255371094
25.25,18.94608254643399,18.785773173637526,18.871118405904873,14.12158537134735,89.61223644304586,84.2353623394735,196.26600646972656,133.58799743652344,210.38699340820312,133.45799255371094
25.3,18.957781289828397,18.956449222245514,18.871111196424987,14.121585371412788,89.87523693132765,84.49836282784844,196.5290069580078,133.58799743652344,210.64999389648438,133.45799255371094
25.35,18.992666351357155,18.785773174313185,18.871103987046542,14.118594775482274,90.13922924090046,84.75936441482365,196.79299926757812,133.58799743652344,210.91099548339844,133.45799255371094
25.400000000000002,19.045369868489068,18.956449222772225,18.871107592255903,14.117587738178392,90.40323680926444,85.02236490319673,197.0570068359375,133.58799743652344,211.1739959716797,133.45799255371094
25.450000000000003,19.109233105228117,18.785773175014384,18.871111197541374,14.113580864351643,90.66823619891892,85.28336843308688,197.32200622558594,133.58799743652344,211.43499755859375,133.45899963378906
25.5,19.177489156945043,18.956413174495474,18.871107592967284,14.110590266725302,90.93422740986252,85.54636892145578,197.58799743652344,133.58799743652344,211.697998046875,133.45899963378906
25.55,19.238221297522266,18.785773175596603,18.8711075933225,14.104603059786074,91.20122760015877,85.80737050843518,197.85499572753906,133.58900451660156,211.95899963378906,133.45899963378906
25.6,19.282070536912595,18.95644922387728,18.871107593627375,14.10060542699935,91.468225891177,86.07037099680305,198.1219940185547,133.58900451660156,212.2220001220703,133.45899963378906
25.650000000000002,19.305794167257627,18.785773176182186,18.87110759395942,14.094593719695784,91.73623126227145,86.33236440507193,198.38999938964844,133.58900451660156,212.48399353027344,133.45899963378906
25.700000000000003,19.302482809105904,18.956449224286043,18.87110759424204,14.089589049929934,92.0042366333652,86.59536489343877,198.6580047607422,133.58900451660156,212.7469940185547,133.45899963378906
25.75,19.27148588817038,18.78577317674001,18.871107594552292,14.082600822123572,92.27222674567078,86.85636648041975,198.92599487304688,133.58900451660156,213.00799560546875,133.45899963378906
25.8,19.21676535388655,18.956449224767027,18.871107594804442,14.077596152707542,92.54023211676768,87.11936696878558,199.19400024414062,133.58900451660156,213.27099609375,133.45899963378906
25.85,19.145306092928596,18.6588021107768,18.858410488450804,14.07159970420744,92.80623858649949,87.37937673542785,199.4600067138672,133.58900451660156,213.531005859375,133.45899963378906
25.900000000000002,19.06524143747453,14.890539811832799,18.451819547356862,14.038596368381398,93.07123797615452,87.61137250367963,199.72500610351562,133.58900451660156,213.76300048828125,133.45899963378906
25.950000000000003,18.984205194647945,13.704457262535549,17.94368795610898,13.985604870949636,93.33523214886479,87.8223783600782,199.98899841308594,133.58999633789062,213.9739990234375,133.4600067138672
26.0,18.91433040087921,13.429790246565943,17.391025663316025,13.928600529378222,93.59823263715067,88.02837205839909,200.2519989013672,133.58999633789062,214.17999267578125,133.4600067138672
26.05,18.86446961625389,13.008991551079806,16.813347500864346,13.86561483220081,93.86123312543394,88.22839406984887,200.51499938964844,133.58999633789062,214.3800048828125,133.4600067138672
26.1,18.829081615209663,12.495343381012523,16.16723691657787,13.798617009475258,94.12223471234842,88.42243889629549,200.7760009765625,133.58999633789062,214.57400512695312,133.4600067138672
26.150000000000002,18.800857060328827,11.899229442686392,15.478582543228294,13.723626491725662,94.38422812055155,88.60953364950296,201.03799438476562,133.58999633789062,214.76100158691406,133.4600067138672
26.200000000000003,18.771518428704713,11.234530913696448,14.706390712169334,13.643620581772689,94.64423788617663,88.78968206246991,201.29800415039062,133.58999633789062,214.9409942626953,133.4600067138672
26.25,18.730333433098295,10.51571375042541,13.879384769537875,13.55464885270095,94.90523947309073,88.9618979590141,201.5590057373047,133.58999633789062,215.11300659179688,133.4600067138672
26.3,18.66881000407059,9.759388464501793,12.959678693511353,13.458680056686019,95.16422689984856,89.12512627662349,201.8179931640625,133.58999633789062,215.2760009765625,133.4600067138672
26.35,18.580897049843042,9.10431916284904,12.004230398718576,13.356693155725523,95.42322958539597,89.28219397603463,202.07699584960938,133.58999633789062,215.43299865722656,133.4600067138672
26.400000000000002,18.46317852083968,8.357887895547565,11.350965207090054,13.24769934091697,95.68023336957806,89.43021975667503,202.33399963378906,133.58999633789062,215.58099365234375,133.4600067138672
26.450000000000003,18.316514439456796,7.613616108776522,10.741881091714152,13.129726980800593,95.93524024099736,89.56724723896552,202.58900451660156,133.59100341796875,215.71800231933594,133.4600067138672
26.5,18.146088984458572,6.8485086205466175,10.083752929112219,13.00274069048387,96.188230963662,89.69324890929605,202.8419952392578,133.59100341796875,215.843994140625,133.4600067138672
26.55,17.957025195611276,6.066862683076014,9.38954004231184,12.866750395303322,96.43923804832772,89.80825875260564,203.09300231933594,133.59100341796875,215.95899963378906,133.4600067138672
26.6,17.754088408296237,5.269707962993196,8.666976500509907,12.72276313993796,96.68723919839269,89.91226406071378,203.34100341796875,133.59100341796875,216.06300354003906,133.4600067138672
26.650000000000002,17.542766428598966,4.460169245350589,7.923070480776327,12.570764651527995,96.93124250664019,90.00425945336964,203.5850067138672,133.59100341796875,216.15499877929688,133.4600067138672
26.700000000000003,17.326333625080224,3.63673916245972,7.163291305652654,12.409778559775383,97.17323164422564,90.08525321839117,203.82699584960938,133.59100341796875,216.23599243164062,133.4600067138672
26.75,17.106445618423553,2.80496557335495,6.392216487945609,12.23879801424423,97.41223005733623,90.15326270454447,204.0659942626953,133.59100341796875,216.3040008544922,133.4600067138672
26.8,16.881878173925212,0.5051475885394318,5.466792400349372,12.011789511728923,97.64823774797917,90.16355452181757,204.302001953125,133.59100341796875,216.31300354003906,133.4600067138672
26.85,16.648705351470735,0.7619209952224169,4.63255258358671,11.781783857209689,97.8802323774281,90.17163961411579,204.53399658203125,133.59100341796875,216.31500244140625,133.4600067138672
26.900000000000002,16.403040708190158,0.8680509682864909,3.883568890860603,11.554754724139887,98.11024336440832,90.18157913011218,204.76400756835938,133.59100341796875,216.3179931640625,133.4600067138672
26.950000000000003,16.141825245624194,0.8578414612561218,3.2079914261085634,11.333786359195443,98.33523639582688,90.19211790536855,204.98899841308594,133.5919952392578,216.32200622558594,133.4600067138672
27.0,15.862068637108434,0.766932017590038,2.5998337658129054,11.115790865356937,98.55723651836293,90.20182969821252,205.21099853515625,133.5919952392578,216.3260040283203,133.4600067138672
27.05,15.560677543540546,0.6283651444163488,2.055984011946939,10.900793039899986,98.77523883801767,90.20963270088393,205.4290008544922,133.5919952392578,216.32899475097656,133.4600067138672
27.1,15.235921612422352,0.47020953617547495,1.5760341692651667,10.691810780659583,98.9882362747411,90.21620749417004,205.64199829101562,133.5919952392578,216.33299255371094,133.4600067138672
27.150000000000002,14.886685050462868,0.3144592587025552,1.1614631706003635,10.485835564214467,99.19723590864406,90.220614560578,205.8509979248047,133.5919952392578,216.33599853515625,133.4600067138672
27.200000000000003,14.512464890645683,0.17767398538285054,0.8155566528926765,10.283857538260452,99.40123065967734,90.22308305610336,206.05499267578125,133.5919952392578,216.33799743652344,133.4600067138672
27.25,14.113261133830765,0.07751414359256871,0.5428115099164383,10.087859732683656,99.59924396536489,90.22508217662227,206.2530059814453,133.5919952392578,216.33999633789062,133.4600067138672
27.3,13.689289223171086,0.06498354833517425,0.4987951058960126,9.896881208716339,99.79223712943471,90.22731169738502,206.4459991455078,133.5919952392578,216.3419952392578,133.4600067138672
27.35,13.239217072581857,0.10484753361737793,0.4330877597355087,9.710892009323915,99.97824176810715,90.22892898746461,206.6320037841797,133.5919952392578,216.3419952392578,133.4600067138672
27.400000000000002,12.759012340484338,0.1304636832474992,0.3593290312316096,9.531921854942695,100.15823444388899,90.23108956185837,206.81199645996094,133.5919952392578,216.34300231933594,133.4600067138672
27.450000000000003,12.278232548923373,0.13691158751297242,0.2872360438572946,9.358933518480143,100.33123859428318,90.23302891213183,206.98500061035156,133.5919952392578,216.34300231933594,133.4600067138672
27.5,11.778624915641538,0.12811304464708687,0.2233541465629995,9.191957574954419,100.49823078178947,90.23480488188301,207.15199279785156,133.5919952392578,216.34300231933594,133.4600067138672
27.55,11.275776345925571,0.109196617256454,0.17143729384701004,9.032962107649372,100.65724262261743,90.23629658194926,207.31100463867188,133.5919952392578,216.34300231933594,133.4600067138672
27.6,10.681812497944861,0.08499579442941509,0.13291591967240404,8.879993795743982,100.80923875682515,90.2378249940168,207.46299743652344,133.59300231933594,216.3419952392578,133.4600067138672
27.650000000000002,10.070568337851503,0.059506836119592524,0.10742067741410777,8.737004761253825,100.9522441279483,90.23862379404567,207.6060028076172,133.59300231933594,216.3419952392578,133.4600067138672
27.700000000000003,9.456659999009352,0.03572959040447383,0.0932262379162701,8.602026196781582,101.08723863481961,90.2390989910575,207.74099731445312,133.59300231933594,216.3419952392578,133.4600067138672
27.75,8.841095988547414,0.015782144532892027,0.08705303801030244,8.476034434858464,101.2132457149311,90.2393005220449,207.86700439453125,133.59300231933594,216.3419952392578,133.4600067138672
27.8,8.219807933345072,0.004503811543718542,0.08100506433115687,8.359059902423658,101.33023485070376,90.23931097503485,207.98399353027344,133.59300231933594,216.3419952392578,133.4600067138672
27.85,7.588439924761968,0.012398155172324718,0.07176012648665155,8.249073376555907,101.43924363979268,90.24031543553075,208.09300231933594,133.59300231933594,216.34100341796875,133.4600067138672
27.900000000000002,6.9443282016825085,0.018583250174434875,0.06057208317934511,8.149095653654713,101.53923448454215,90.2405636194345,208.1929931640625,133.59300231933594,216.34100341796875,133.4600067138672
27.950000000000003,6.286571986649887,0.02117901445406776,0.048998825873454645,8.058104462085819,101.63023790253422,90.24085067554925,208.28399658203125,133.59300231933594,216.34100341796875,133.4600067138672
28.0,5.615604281846229,0.020893298012017673,0.038276851209947726,7.976114992845524,101.71223863498197,90.24113731152111,208.36599731445312,133.59300231933594,216.34100341796875,133.4600067138672
28.05,4.9324323192195685,0.0,0.027357189484302324,7.904118869095216,101.78424486059514,90.24113731152111,208.43800354003906,133.59300231933594,216.34100341796875,133.4600067138672
28.1,4.238567999606582,0.0,0.018857610041360818,7.8411243200630905,101.84724840066315,90.24113731152111,208.50100708007812,133.59300231933594,216.34100341796875,133.4600067138672
28.150000000000002,3.294227524985744,0.0,0.012906926429401566,7.789145154014372,101.89923509506765,90.24113731152111,208.55299377441406,133.59300231933594,216.34100341796875,133.4600067138672
28.200000000000003,0.6018229514222948,0.0,0.009333967388954183,7.76714519573492,101.92123827948811,90.24113731152111,208.5749969482422,133.59300231933594,216.34100341796875,133.4600067138672
28.25,1.8559178165189748e-05,0.0,0.007755752935664981,7.76714519478856,101.92125635948608,90.24113731152111,208.5749969482422,133.59300231933594,216.34100341796875,133.4600067138672
28.3,1.0719891285089429e-05,0.0,0.007305371781293127,7.767145194909699,101.92125871945748,90.24113731152111,208.5749969482422,133.59300231933594,216.34100341796875,133.4600067138672
28.35,1.8932255259568075e-05,0.0,0.006065556264060655,7.767145195550026,101.92127096949255,90.24113731152111,208.5749969482422,133.59300231933594,216.34100341796875,133.4600067138672
28.400000000000002,2.332049241573941e-05,0.0,0.004207231246617167,7.767145196416571,101.9212869895214,90.24113731152111,208.5749969482422,133.59300231933594,216.34100341796875,133.4600067138672
28.450000000000003,2.2554392930213494e-05,0.0,0.0020893298012103914,7.767145197342473,101.9213034695072,90.24113731152111,208.5749969482422,133.59300231933594,216.34100341796875,133.4600067138672
28.5,2.088558026871172e-05,0.0,8.624004288471098e-15,7.767145198237524,101.92131883947289,90.24113731152111,208.5749969482422,133.59300231933594,216.34100341796875,133.4600067138672
28.55,1.7324108723309295e-05,0.0,8.624004288471098e-15,7.767145199042062,101.92133222944679,90.24113731152111,208.5749969482422,133.59300231933594,216.34100341796875,133.4600067138672
28.6,1.5142100861318253e-05,0.0,8.624004288471098e-15,7.767145199738366,101.92134351952112,90.24113731152111,208.5749969482422,133.59300231933594,216.34100341796875,133.4600067138672
28.650000000000002,3.989378219406668e-06,0.0,8.624004288471098e-15,7.76714519995818,101.92134702944307,90.24113731152111,208.5749969482422,133.59300231933594,216.34100341796875,133.4600067138672
28.700000000000003,6.285755991037905e-06,0.0,8.624004288471098e-15,7.767145200225837,101.92135126952192,90.24113731152111,208.5749969482422,133.59300231933594,216.34100341796875,133.4600067138672
28.75,7.034683716157098e-06,0.0,8.624004288471098e-15,7.7671452005514805,101.92135637945606,90.24113731152111,208.5749969482422,133.59300231933594,216.34100341796875,133.4600067138672
28.8,6.763083261642874e-06,0.0,8.624004288471098e-15,7.767145200880492,101.92136148950661,90.24113731152111,208.5749969482422,133.59300231933594,216.34100341796875,133.4600067138672
28.85,6.081045644601401e-06,0.0,8.624004288471098e-15,7.76714520118542,101.92136617953068,90.24113731152111,208.5749969482422,133.59300231933594,216.34100341796875,133.4600067138672
28.900000000000002,5.629367879191149e-06,0.0,8.624004288471098e-15,7.767145201450353,101.92137021949159,90.24113731152111,208.5749969482422,133.59300231933594,216.34100341796875,133.4600067138672
28.950000000000003,4.471836248338528e-06,0.0,8.624004288471098e-15,7.767145201672294,101.92137357947061,90.24113731152111,208.5749969482422,133.59300231933594,216.34100341796875,133.4600067138672
29.0,3.6970160728943073e-06,0.0,8.624004288471098e-15,7.767145201857692,101.92137636948021,90.24113731152111,208.5749969482422,133.59300231933594,216.34100341796875,133.4600067138672
29.05,1.2693054311352932e-06,0.0,8.624004288471098e-15,7.767145201956445,101.9213778494682,90.24113731152111,208.5749969482422,133.59300231933594,216.34100341796875,133.4600067138672
29.1,1.3130108283118285e-06,0.0,8.624004288471098e-15,7.767145201956445,101.9213778494682,90.24113731152111,208.5749969482422,133.59300231933594,216.34100341796875,133.4600067138672
29.150000000000002,1.442955927073248e-06,0.0,8.624004288471098e-15,7.7671452020742455,101.92137960943504,90.24113731152111,208.5749969482422,133.59300231933594,216.34100341796875,133.4600067138672
29.200000000000003,1.7459838437159368e-06,0.0,8.624004288471098e-15,7.767145202146065,101.92138067952467,90.24113731152111,208.5749969482422,133.59300231933594,216.34100341796875,133.4600067138672
29.25,1.3336636070978044e-06,0.0,8.624004288471098e-15,7.76714520221533,101.92138170945103,90.24113731152111,208.5749969482422,133.59300231933594,216.34100341796875,133.4600067138672
29.3,1.1499378523562228e-06,0.0,8.624004288471098e-15,7.767145202273951,101.92138257953914,90.24113731152111,208.5749969482422,133.59300231933594,216.34100341796875,133.4600067138672
29.35,1.16539416928204e-06,0.0,8.624004288471098e-15,7.767145202273951,101.92138257953914,90.24113731152111,208.5749969482422,133.59300231933594,216.34100341796875,133.4600067138672
29.400000000000002,1.0978824579581195e-06,0.0,8.624004288471098e-15,7.767145202367125,101.92138395952637,90.24113731152111,208.5749969482422,133.59300231933594,216.34100341796875,133.4600067138672
29.450000000000003,8.407857669616684e-07,0.0,8.624004288471098e-15,7.767145202367125,101.92138395952637,90.24113731152111,208.5749969482422,133.59300231933594,216.34100341796875,133.4600067138672
29.5,7.819105850235228e-07,0.0,8.624004288471098e-15,7.767145202367125,101.92138395952637,90.24113731152111,208.5749969482422,133.59300231933594,216.34100341796875,133.4600067138672
29.55,8.712752358915138e-07,0.0,8.624004288471098e-15,7.767145202367125,101.92138395952637,90.24113731152111,208.5749969482422,133.59300231933594,216.34100341796875,133.4600067138672
29.6,9.137969383833149e-07,0.0,8.624004288471098e-15,7.767145202436824,101.92138498945272,90.24113731152111,208.5749969482422,133.59300231933594,216.34100341796875,133.4600067138672
29.650000000000002,1.6393748311086044e-06,0.0,8.624004288471098e-15,7.767145202436824,101.92138498945272,90.24113731152111,208.5749969482422,133.59300231933594,216.34100341796875,133.4600067138672
29.700000000000003,3.647800147355274e-06,0.0,8.624004288471098e-15,7.767145202436824,101.92138498945272,90.24113731152111,208.5749969482422,133.59300231933594,216.34100341796875,133.4600067138672
29.75,1.7983012546434838e-06,0.0,8.624004288471098e-15,7.767145202436824,101.92138498945272,90.24113731152111,208.5749969482422,133.59300231933594,216.34100341796875,133.4600067138672
29.8,2.409617229494785e-06,0.0,8.624004288471098e-15,7.767145202436824,101.92138498945272,90.24113731152111,208.5749969482422,133.59300231933594,216.34100341796875,133.4600067138672
29.85,1.7917857214521643e-06,0.0,8.624004288471098e-15,7.767145202436824,101.92138498945272,90.24113731152111,208.5749969482422,133.59300231933594,216.34100341796875,133.4600067138672
29.900000000000002,7.234804385766816e-07,0.0,8.624004288471098e-15,7.767145202436824,101.92138498945272,90.24113731152111,208.5749969482422,133.59300231933594,216.34100341796875,133.4600067138672
29.950000000000003,7.571016398227949e-07,0.0,8.624004288471098e-15,7.767145202436824,101.92138498945272,90.24113731152111,208.5749969482422,133.59300231933594,216.34100341796875,133.4600067138672
30.0,9.301736593221792e-07,0.0,8.624004288471098e-15,7.767145202436824,101.92138498945272,90.24113731152111,208.5749969482422,133.59300231933594,216.34100341796875,133.4600067138672
30.05,2.9528376284785864e-06,0.0,8.624004288471098e-15,7.767145202436824,101.92138498945272,90.24113731152111,208.5749969482422,133.59300231933594,216.34100341796875,133.4600067138672
30.1,5.185343364440239e-07,0.0,8.624004288471098e-15,7.7671452025093854,101.92138605954236,90.24113731152111,208.5749969482422,133.59300231933594,216.34100341796875,133.4600067138672
30.150000000000002,1.959363206624421e-06,0.0,8.624004288471098e-15,7.7671452025093854,101.92138605954236,90.24113731152111,208.5749969482422,133.59300231933594,216.34100341796875,133.4600067138672
30.200000000000003,1.3743954423659588e-06,0.0,8.624004288471098e-15,7.7671452025093854,101.92138605954236,90.24113731152111,208.5749969482422,133.59300231933594,216.34100341796875,133.4600067138672
30.25,3.400142713715783e-06,0.0,8.624004288471098e-15,7.7671452025093854,101.92138605954236,90.24113731152111,208.5749969482422,133.59300231933594,216.34100341796875,133.4600067138672
30.3,0.0,0.0,8.624004288471098e-15,7.7671452025093854,101.92138605954236,90.24113731152111,208.5749969482422,133.59300231933594,216.34100341796875,133.4600067138672
30.35,4.806944322360292e-07,0.0,8.624004288471098e-15,7.7671452025093854,101.92138605954236,90.24113731152111,208.5749969482422,133.59300231933594,216.34100341796875,133.4600067138672
30.400000000000002,3.812540406341129e-07,0.0,8.624004288471098e-15,7.7671452025093854,101.92138605954236,90.24113731152111,208.5749969482422,133.59300231933594,216.34100341796875,133.4600067138672
30.450000000000003,1.648212115164655e-06,0.0,8.624004288471098e-15,7.7671452025093854,101.92138605954236,90.24113731152111,208.5749969482422,133.59300231933594,216.34100341796875,133.4600067138672
30.5,4.4666173829788667e-07,0.0,8.624004288471098e-15,7.7671452025093854,101.92138605954236,90.24113731152111,208.5749969482422,133.59300231933594,216.34100341796875,133.4600067138672
30.55,7.040111805734209e-08,0.0,8.624004288471098e-15,7.7671452025093854,101.92138605954236,90.24113731152111,208.5749969482422,133.59300231933594,216.34100341796875,133.4600067138672
30.6,1.074066463845849e-07,0.0,8.624004288471098e-15,7.7671452025093854,101.92138605954236,90.24113731152111,208.5749969482422,133.59300231933594,216.34100341796875,133.4600067138672
30.650000000000002,2.334652735531564e-06,0.0,8.624004288471098e-15,7.7671452025093854,101.92138605954236,90.24113731152111,208.5749969482422,133.59300231933594,216.34100341796875,133.4600067138672
30.700000000000003,2.506562032980287e-06,0.0,8.624004288471098e-15,7.7671452025093854,101.92138605954236,90.24113731152111,208.5749969482422,133.59300231933594,216.34100341796875,133.4600067138672
30.75,1.3745691914470736e-07,0.0,8.624004288471098e-15,7.7671452025093854,101.92138605954236,90.24113731152111,208.5749969482422,133.59300231933594,216.34100341796875,133.4600067138672
30.8,3.439492423345164e-07,0.0,8.624004288471098e-15,7.7671452025093854,101.92138605954236,90.24113731152111,208.5749969482422,133.59300231933594,216.34100341796875,133.4600067138672
30.85,6.187863143308788e-07,0.0,8.624004288471098e-15,7.7671452025093854,101.92138605954236,90.24113731152111,208.5749969482422,133.59300231933594,216.34100341796875,133.4600067138672
30.900000000000002,5.493998781040518e-07,0.0,8.624004288471098e-15,7.7671452025093854,101.92138605954236,90.24113731152111,208.5749969482422,133.59300231933594,216.34100341796875,133.4600067138672
30.950000000000003,2.414602173187347e-07,0.0,8.624004288471098e-15,7.7671452025093854,101.92138605954236,90.24113731152111,208.5749969482422,133.59300231933594,216.34100341796875,133.4600067138672
31.0,2.7625590079331456e-07,0.0,8.624004288471098e-15,7.7671452025093854,101.92138605954236,90.24113731152111,208.5749969482422,133.59300231933594,216.34100341796875,133.4600067138672
31.05,1.0914929329498887e-07,0.0,8.624004288471098e-15,7.7671452025093854,101.92138605954236,90.24113731152111,208.5749969482422,133.59300231933594,216.34100341796875,133.4600067138672
31.1,4.459720190272371e-08,0.0,8.624004288471098e-15,7.7671452025093854,101.92138605954236,90.24113731152111,208.5749969482422,133.59300231933594,216.34100341796875,133.4600067138672
31.150000000000002,4.316756020046587e-10,0.0,8.624004288471098e-15,7.7671452025093854,101.92138605954236,90.24113731152111,208.5749969482422,133.59300231933594,216.34100341796875,133.4600067138672
31.200000000000003,1.0454304491514996e-07,0.0,8.624004288471098e-15,7.7671452025093854,101.92138605954236,90.24113731152111,208.5749969482422,133.59300231933594,216.34100341796875,133.4600067138672
31.25,8.928575319489827e-07,0.0,8.624004288471098e-15,7.7671452025093854,101.92138605954236,90.24113731152111,208.5749969482422,133.59300231933594,216.34100341796875,133.4600067138672
31.3,4.4789765063663254e-07,0.0,8.624004288471098e-15,7.7671452025093854,101.92138605954236,90.24113731152111,208.5749969482422,133.59300231933594,216.34100341796875,133.4600067138672
31.35,4.4797125235382784e-07,0.0,8.624004288471098e-15,7.7671452025093854,101.92138605954236,90.24113731152111,208.5749969482422,133.59300231933594,216.34100341796875,133.4600067138672
31.400000000000002,4.818812896028047e-07,0.0,8.624004288471098e-15,7.7671452025093854,101.92138605954236,90.24113731152111,208.5749969482422,133.59300231933594,216.34100341796875,133.4600067138672
31.450000000000003,6.184044549313772e-07,0.0,8.624004288471098e-15,7.7671452025093854,101.92138605954236,90.24113731152111,208.5749969482422,133.59300231933594,216.34100341796875,133.4600067138672
31.5,7.553702712592908e-07,0.0,8.624004288471098e-15,7.7671452025093854,101.92138605954236,90.24113731152111,208.5749969482422,133.59300231933594,216.34100341796875,133.4600067138672
31.55,7.552423010041036e-07,0.0,8.624004288471098e-15,7.7671452025093854,101.92138605954236,90.24113731152111,208.5749969482422,133.59300231933594,216.34100341796875,133.4600067138672
31.6,7.273565826432118e-09,0.0,8.624004288471098e-15,7.7671452025093854,101.92138605954236,90.24113731152111,208.5749969482422,133.59300231933594,216.34100341796875,133.4600067138672
31.650000000000002,1.843314652772256e-08,0.0,8.624004288471098e-15,7.7671452025093854,101.92138605954236,90.24113731152111,208.5749969482422,133.59300231933594,216.34100341796875,133.4600067138672
31.700000000000003,1.400082015061339e-07,0.0,8.624004288471098e-15,7.7671452025093854,101.92138605954236,90.24113731152111,208.5749969482422,133.59300231933594,216.34100341796875,133.4600067138672
31.75,3.10915864605243e-07,0.0,8.624004288471098e-15,7.7671452025093854,101.92138605954236,90.24113731152111,208.5749969482422,133.59300231933594,216.34100341796875,133.4600067138672
31.8,4.132910357700981e-07,0.0,8.624004288471098e-15,7.7671452025093854,101.92138605954236,90.24113731152111,208.5749969482422,133.59300231933594,216.34100341796875,133.4600067138672
31.85,5.155919908517788e-07,0.0,8.624004288471098e-15,7.7671452025093854,101.92138605954236,90.24113731152111,208.5749969482422,133.59300231933594,216.34100341796875,133.4600067138672
31.900000000000002,6.867749937706101e-07,0.0,8.624004288471098e-15,7.7671452025093854,101.92138605954236,90.24113731152111,208.5749969482422,133.59300231933594,216.34100341796875,133.4600067138672
31.950000000000003,8.582497309391282e-07,0.0,8.624004288471098e-15,7.7671452025093854,101.92138605954236,90.24113731152111,208.5749969482422,133.59300231933594,216.34100341796875,133.4600067138672
32.0,6.868356635549244e-08,0.0,8.624004288471098e-15,7.7671452025093854,101.92138605954236,90.24113731152111,208.5749969482422,133.59300231933594,216.34100341796875,133.4600067138672
32.050000000000004,2.4057487614748966e-07,0.0,8.624004288471098e-15,7.7671452025093854,101.92138605954236,90.24113731152111,208.5749969482422,133.59300231933594,216.34100341796875,133.4600067138672
32.1,4.124829714516174e-07,0.0,8.624004288471098e-15,7.7671452025093854,101.92138605954236,90.24113731152111,208.5749969482422,133.59300231933594,216.34100341796875,133.4600067138672
32.15,5.843908934956798e-07,0.0,8.624004288471098e-15,7.7671452025093854,101.92138605954236,90.24113731152111,208.5749969482422,133.59300231933594,216.34100341796875,133.4600067138672
32.2,5.844064752189366e-07,0.0,8.624004288471098e-15,7.7671452025093854,101.92138605954236,90.24113731152111,208.5749969482422,133.59300231933594,216.34100341796875,133.4600067138672
32.25,6.528508597738449e-07,0.0,8.624004288471098e-15,7.7671452025093854,101.92138605954236,90.24113731152111,208.5749969482422,133.59300231933594,216.34100341796875,133.4600067138672
32.300000000000004,8.240948786370086e-07,0.0,8.624004288471098e-15,7.7671452025093854,101.92138605954236,90.24113731152111,208.5749969482422,133.59300231933594,216.34100341796875,133.4600067138672
32.35,9.612370658432252e-07,0.0,8.624004288471098e-15,7.7671452025093854,101.92138605954236,90.24113731152111,208.5749969482422,133.59300231933594,216.34100341796875,133.4600067138672
32.4,0.0,0.0,8.624004288471098e-15,7.7671452025093854,101.92138605954236,90.24113731152111,208.5749969482422,133.59300231933594,216.34100341796875,133.4600067138672
32.45,1.7177622997436852e-07,0.0,8.624004288471098e-15,7.7671452025093854,101.92138605954236,90.24113731152111,208.5749969482422,133.59300231933594,216.34100341796875,133.4600067138672
32.5,3.435834716750663e-07,0.0,8.624004288471098e-15,7.7671452025093854,101.92138605954236,90.24113731152111,208.5749969482422,133.59300231933594,216.34100341796875,133.4600067138672
32.550000000000004,5.153916451034712e-07,0.0,8.624004288471098e-15,7.7671452025093854,101.92138605954236,90.24113731152111,208.5749969482422,133.59300231933594,216.34100341796875,133.4600067138672
32.6,6.528975426347279e-07,0.0,8.624004288471098e-15,7.7671452025093854,101.92138605954236,90.24113731152111,208.5749969482422,133.59300231933594,216.34100341796875,133.4600067138672
32.65,6.871220654885026e-07,0.0,8.624004288471098e-15,7.7671452025093854,101.92138605954236,90.24113731152111,208.5749969482422,133.59300231933594,216.34100341796875,133.4600067138672
32.7,7.555149583181939e-07,0.0,8.624004288471098e-15,7.7671452025093854,101.92138605954236,90.24113731152111,208.5749969482422,133.59300231933594,216.34100341796875,133.4600067138672
32.75,9.269504894055066e-07,0.0,8.624004288471098e-15,7.7671452025093854,101.92138605954236,90.24113731152111,208.5749969482422,133.59300231933594,216.34100341796875,133.4600067138672
32.800000000000004,1.0985238495674864e-06,0.0,8.624004288471098e-15,7.7671452025093854,101.92138605954236,90.24113731152111,208.5749969482422,133.59300231933594,216.34100341796875,133.4600067138672
32.85,1.0305575984870398e-07,0.0,8.624004288471098e-15,7.7671452025093854,101.92138605954236,90.24113731152111,208.5749969482422,133.59300231933594,216.34100341796875,133.4600067138672
32.9,2.749564923984332e-07,0.0,8.624004288471098e-15,7.7671452025093854,101.92138605954236,90.24113731152111,208.5749969482422,133.59300231933594,216.34100341796875,133.4600067138672
32.95,4.4686298284894987e-07,0.0,8.624004288471098e-15,7.7671452025093854,101.92138605954236,90.24113731152111,208.5749969482422,133.59300231933594,216.34100341796875,133.4600067138672
33.0,4.471500008522816e-07,0.0,8.624004288471098e-15,7.7671452025093854,101.92138605954236,90.24113731152111,208.5749969482422,133.59300231933594,216.34100341796875,133.4600067138672
33.050000000000004,5.15547189872294e-07,0.0,8.624004288471098e-15,7.7671452025093854,101.92138605954236,90.24113731152111,208.5749969482422,133.59300231933594,216.34100341796875,133.4600067138672
33.1,6.868051101521912e-07,0.0,8.624004288471098e-15,7.7671452025093854,101.92138605954236,90.24113731152111,208.5749969482422,133.59300231933594,216.34100341796875,133.4600067138672
33.15,8.582823796351238e-07,0.0,8.624004288471098e-15,7.7671452025093854,101.92138605954236,90.24113731152111,208.5749969482422,133.59300231933594,216.34100341796875,133.4600067138672
33.2,1.029867511787512e-06,0.0,8.624004288471098e-15,7.7671452025093854,101.92138605954236,90.24113731152111,208.5749969482422,133.59300231933594,216.34100341796875,133.4600067138672
33.25,3.432889623509285e-08,0.0,8.624004288471098e-15,7.7671452025093854,101.92138605954236,90.24113731152111,208.5749969482422,133.59300231933594,216.34100341796875,133.4600067138672
33.300000000000004,2.0610276580180094e-07,0.0,8.624004288471098e-15,7.7671452025093854,101.92138605954236,90.24113731152111,208.5749969482422,133.59300231933594,216.34100341796875,133.4600067138672
33.35,3.7790881613841706e-07,0.0,8.624004288471098e-15,7.7671452025093854,101.92138605954236,90.24113731152111,208.5749969482422,133.59300231933594,216.34100341796875,133.4600067138672
33.4,5.497157171932899e-07,0.0,8.624004288471098e-15,7.7671452025093854,101.92138605954236,90.24113731152111,208.5749969482422,133.59300231933594,216.34100341796875,133.4600067138672
33.45,5.841852066670656e-07,0.0,8.624004288471098e-15,7.7671452025093854,101.92138605954236,90.24113731152111,208.5749969482422,133.59300231933594,216.34100341796875,133.4600067138672
33.5,6.184024862157682e-07,0.0,8.624004288471098e-15,7.7671452025093854,101.92138605954236,90.24113731152111,208.5749969482422,133.59300231933594,216.34100341796875,133.4600067138672
33.550000000000004,7.897255628737628e-07,0.0,8.624004288471098e-15,7.7671452025093854,101.92138605954236,90.24113731152111,208.5749969482422,133.59300231933594,216.34100341796875,133.4600067138672
33.6,9.612286732407278e-07,0.0,8.624004288471098e-15,7.7671452025093854,101.92138605954236,90.24113731152111,208.5749969482422,133.59300231933594,216.34100341796875,133.4600067138672
33.65,1.1328560562483433e-06,0.0,8.624004288471098e-15,7.7671452025093854,101.92138605954236,90.24113731152111,208.5749969482422,133.59300231933594,216.34100341796875,133.4600067138672
33.7,1.3743344213007946e-07,0.0,8.624004288471098e-15,7.7671452025093854,101.92138605954236,90.24113731152111,208.5749969482422,133.59300231933594,216.34100341796875,133.4600067138672
33.75,3.0933836432971725e-07,0.0,8.624004288471098e-15,7.7671452025093854,101.92138605954236,90.24113731152111,208.5749969482422,133.59300231933594,216.34100341796875,133.4600067138672
33.800000000000004,4.126303265959452e-07,0.0,8.624004288471098e-15,7.7671452025093854,101.92138605954236,90.24113731152111,208.5749969482422,133.59300231933594,216.34100341796875,133.4600067138672
33.85,4.4697011545744203e-07,0.0,8.624004288471098e-15,7.7671452025093854,101.92138605954236,90.24113731152111,208.5749969482422,133.59300231933594,216.34100341796875,133.4600067138672
33.9,5.496619276017847e-07,0.0,8.624004288471098e-15,7.7671452025093854,101.92138605954236,90.24113731152111,208.5749969482422,133.59300231933594,216.34100341796875,133.4600067138672
33.95,7.21032642802496e-07,0.0,8.624004288471098e-15,7.7671452025093854,101.92138605954236,90.24113731152111,208.5749969482422,133.59300231933594,216.34100341796875,133.4600067138672
34.0,8.925714814736696e-07,0.0,8.624004288471098e-15,7.7671452025093854,101.92138605954236,90.24113731152111,208.5749969482422,133.59300231933594,216.34100341796875,133.4600067138672
34.050000000000004,1.0641935200717087e-06,0.0,8.624004288471098e-15,7.7671452025093854,101.92138605954236,90.24113731152111,208.5749969482422,133.59300231933594,216.34100341796875,133.4600067138672
34.1,6.867592219082103e-08,0.0,8.624004288471098e-15,7.7671452025093854,101.92138605954236,90.24113731152111,208.5749969482422,133.59300231933594,216.34100341796875,133.4600067138672
34.15,2.4047197877551204e-07,0.0,8.624004288471098e-15,7.7671452025093854,101.92138605954236,90.24113731152111,208.5749969482422,133.59300231933594,216.34100341796875,133.4600067138672
34.2,4.1227643591496856e-07,0.0,8.624004288471098e-15,7.7671452025093854,101.92138605954236,90.24113731152111,208.5749969482422,133.59300231933594,216.34100341796875,133.4600067138672
34.25,5.154426122110779e-07,0.0,8.624004288471098e-15,7.7671452025093854,101.92138605954236,90.24113731152111,208.5749969482422,133.59300231933594,216.34100341796875,133.4600067138672
34.300000000000004,5.155233464888602e-07,0.0,8.624004288471098e-15,7.7671452025093854,101.92138605954236,90.24113731152111,208.5749969482422,133.59300231933594,216.34100341796875,133.4600067138672
34.35,5.495876588310143e-07,0.0,8.624004288471098e-15,7.7671452025093854,101.92138605954236,90.24113731152111,208.5749969482422,133.59300231933594,216.34100341796875,133.4600067138672
34.4,7.209749338943098e-07,0.0,8.624004288471098e-15,7.7671452025093854,101.92138605954236,90.24113731152111,208.5749969482422,133.59300231933594,216.34100341796875,133.4600067138672
34.45,8.925516862949982e-07,0.0,8.624004288471098e-15,7.7671452025093854,101.92138605954236,90.24113731152111,208.5749969482422,133.59300231933594,216.34100341796875,133.4600067138672
34.5,0.0,0.0,8.624004288471098e-15,7.7671452025093854,101.92138605954236,90.24113731152111,208.5749969482422,133.59300231933594,216.34100341796875,133.4600067138672
34.550000000000004,1.71812825864435e-07,0.0,8.624004288471098e-15,7.7671452025093854,101.92138605954236,90.24113731152111,208.5749969482422,133.59300231933594,216.34100341796875,133.4600067138672
34.6,3.4369247189909307e-07,0.0,8.624004288471098e-15,7.7671452025093854,101.92138605954236,90.24113731152111,208.5749969482422,133.59300231933594,216.34100341796875,133.4600067138672
34.65,3.782374576701853e-07,0.0,8.624004288471098e-15,7.7671452025093854,101.92138605954236,90.24113731152111,208.5749969482422,133.59300231933594,216.34100341796875,133.4600067138672
34.7,3.7814443413614325e-07,0.0,8.624004288471098e-15,7.7671452025093854,101.92138605954236,90.24113731152111,208.5749969482422,133.59300231933594,216.34100341796875,133.4600067138672
34.75,5.494321221677856e-07,0.0,8.624004288471098e-15,7.7671452025093854,101.92138605954236,90.24113731152111,208.5749969482422,133.59300231933594,216.34100341796875,133.4600067138672
34.800000000000004,7.209333802054987e-07,0.0,8.624004288471098e-15,7.7671452025093854,101.92138605954236,90.24113731152111,208.5749969482422,133.59300231933594,216.34100341796875,133.4600067138672
34.85,8.925526765426943e-07,0.0,8.624004288471098e-15,7.7671452025093854,101.92138605954236,90.24113731152111,208.5749969482422,133.59300231933594,216.34100341796875,133.4600067138672
34.9,1.0642292249017306e-06,0.0,8.624004288471098e-15,7.7671452025093854,101.92138605954236,90.24113731152111,208.5749969482422,133.59300231933594,216.34100341796875,133.4600067138672
34.95,1.0303890783172118e-07,0.0,8.624004288471098e-15,7.7671452025093854,101.92138605954236,90.24113731152111,208.5749969482422,133.59300231933594,216.34100341796875,133.4600067138672
35.0,2.7484197980273675e-07,0.0,8.624004288471098e-15,7.7671452025093854,101.92138605954236,90.24113731152111,208.5749969482422,133.59300231933594,216.34100341796875,133.4600067138672
35.050000000000004,3.093165283766775e-07,0.0,8.624004288471098e-15,7.7671452025093854,101.92138605954236,90.24113731152111,208.5749969482422,133.59300231933594,216.34100341796875,133.4600067138672
35.1,3.094044526983616e-07,0.0,8.624004288471098e-15,7.7671452025093854,101.92138605954236,90.24113731152111,208.5749969482422,133.59300231933594,216.34100341796875,133.4600067138672
35.15,3.436012410039125e-07,0.0,8.624004288471098e-15,7.7671452025093854,101.92138605954236,90.24113731152111,208.5749969482422,133.59300231933594,216.34100341796875,133.4600067138672
35.2,4.120208258291048e-07,0.0,8.624004288471098e-15,7.7671452025093854,101.92138605954236,90.24113731152111,208.5749969482422,133.59300231933594,216.34100341796875,133.4600067138672
35.25,5.149336213348853e-07,0.0,8.624004288471098e-15,7.7671452025093854,101.92138605954236,90.24113731152111,208.5749969482422,133.59300231933594,216.34100341796875,133.4600067138672
35.300000000000004,6.866288889426648e-07,0.0,8.624004288471098e-15,7.7671452025093854,101.92138605954236,90.24113731152111,208.5749969482422,133.59300231933594,216.34100341796875,133.4600067138672
35.35,3.432910461880236e-08,0.0,8.624004288471098e-15,7.7671452025093854,101.92138605954236,90.24113731152111,208.5749969482422,133.59300231933594,216.34100341796875,133.4600067138672
35.4,6.898158667131584e-08,0.0,8.624004288471098e-15,7.7671452025093854,101.92138605954236,90.24113731152111,208.5749969482422,133.59300231933594,216.34100341796875,133.4600067138672
35.45,1.0315574757112133e-07,0.0,8.624004288471098e-15,7.7671452025093854,101.92138605954236,90.24113731152111,208.5749969482422,133.59300231933594,216.34100341796875,133.4600067138672
35.5,1.0307132220158184e-07,0.0,8.624004288471098e-15,7.7671452025093854,101.92138605954236,90.24113731152111,208.5749969482422,133.59300231933594,216.34100341796875,133.4600067138672
35.550000000000004,1.0301616434605728e-07,0.0,8.624004288471098e-15,7.7671452025093854,101.92138605954236,90.24113731152111,208.5749969482422,133.59300231933594,216.34100341796875,133.4600067138672
35.6,1.0299032155566385e-07,0.0,8.624004288471098e-15,7.7671452025093854,101.92138605954236,90.24113731152111,208.5749969482422,133.59300231933594,216.34100341796875,133.4600067138672
35.65,1.0299381646513621e-07,0.0,8.624004288471098e-15,7.7671452025093854,101.92138605954236,90.24113731152111,208.5749969482422,133.59300231933594,216.34100341796875,133.4600067138672
35.7,1.0302664609404421e-07,0.0,8.624004288471098e-15,7.7671452025093854,101.92138605954236,90.24113731152111,208.5749969482422,133.59300231933594,216.34100341796875,133.4600067138672
35.75,1.3732208878235618e-07,0.0,8.624004288471098e-15,7.7671452025093854,101.92138605954236,90.24113731152111,208.5749969482422,133.59300231933594,216.34100341796875,133.4600067138672
35.800000000000004,1.030263987999797e-07,0.0,8.624004288471098e-15,7.7671452025093854,101.92138605954236,90.24113731152111,208.5749969482422,133.59300231933594,216.34100341796875,133.4600067138672
35.85,2.4032358099869466e-07,0.0,8.624004288471098e-15,7.7671452025093854,101.92138605954236,90.24113731152111,208.5749969482422,133.59300231933594,216.34100341796875,133.4600067138672
35.9,2.4030658733650445e-07,0.0,8.624004288471098e-15,7.7671452025093854,101.92138605954236,90.24113731152111,208.5749969482422,133.59300231933594,216.34100341796875,133.4600067138672
35.95,2.4030197686607983e-07,0.0,8.624004288471098e-15,7.7671452025093854,101.92138605954236,90.24113731152111,208.5749969482422,133.59300231933594,216.34100341796875,133.4600067138672
36.0,2.4030994139777695e-07,0.0,8.624004288471098e-15,7.7671452025093854,101.92138605954236,90.24113731152111,208.5749969482422,133.59300231933594,216.34100341796875,133.4600067138672
36.050000000000004,2.403304796248201e-07,0.0,8.624004288471098e-15,7.7671452025093854,101.92138605954236,90.24113731152111,208.5749969482422,133.59300231933594,216.34100341796875,133.4600067138672
36.1,2.7468320824075446e-07,0.0,8.624004288471098e-15,7.7671452025093854,101.92138605954236,90.24113731152111,208.5749969482422,133.59300231933594,216.34100341796875,133.4600067138672
36.15,3.432902442148218e-07,0.0,8.624004288471098e-15,7.7671452025093854,101.92138605954236,90.24113731152111,208.5749969482422,133.59300231933594,216.34100341796875,133.4600067138672
36.2,6.8670400596167e-08,0.0,8.624004288471098e-15,7.7671452025093854,101.92138605954236,90.24113731152111,208.5749969482422,133.59300231933594,216.34100341796875,133.4600067138672
36.25,1.0301563337890873e-07,0.0,8.624004288471098e-15,7.7671452025093854,101.92138605954236,90.24113731152111,208.5749969482422,133.59300231933594,216.34100341796875,133.4600067138672
36.300000000000004,1.0298932375966477e-07,0.0,8.624004288471098e-15,7.7671452025093854,101.92138605954236,90.24113731152111,208.5749969482422,133.59300231933594,216.34100341796875,133.4600067138672
36.35,1.0299233806261436e-07,0.0,8.624004288471098e-15,7.7671452025093854,101.92138605954236,90.24113731152111,208.5749969482422,133.59300231933594,216.34100341796875,133.4600067138672
36.4,2.403025380368543e-07,0.0,8.624004288471098e-15,7.7671452025093854,101.92138605954236,90.24113731152111,208.5749969482422,133.59300231933594,216.34100341796875,133.4600067138672
36.45,4.1194472701692204e-07,0.0,8.624004288471098e-15,7.7671452025093854,101.92138605954236,90.24113731152111,208.5749969482422,133.59300231933594,216.34100341796875,133.4600067138672
36.5,4.462748926400153e-07,0.0,8.624004288471098e-15,7.7671452025093854,101.92138605954236,90.24113731152111,208.5749969482422,133.59300231933594,216.34100341796875,133.4600067138672
36.550000000000004,4.462813322245677e-07,0.0,8.624004288471098e-15,7.7671452025093854,101.92138605954236,90.24113731152111,208.5749969482422,133.59300231933594,216.34100341796875,133.4600067138672
36.6,0.0,0.0,8.624004288471098e-15,7.7671452025093854,101.92138605954236,90.24113731152111,208.5749969482422,133.59300231933594,216.34100341796875,133.4600067138672
36.65,3.436947799482151e-08,0.0,8.624004288471098e-15,7.7671452025093854,101.92138605954236,90.24113731152111,208.5749969482422,133.59300231933594,216.34100341796875,133.4600067138672
36.7,3.432935473532174e-08,0.0,8.624004288471098e-15,7.7671452025093854,101.92138605954236,90.24113731152111,208.5749969482422,133.59300231933594,216.34100341796875,133.4600067138672
36.75,6.867980211439077e-08,0.0,8.624004288471098e-15,7.7671452025093854,101.92138605954236,90.24113731152111,208.5749969482422,133.59300231933594,216.34100341796875,133.4600067138672
36.800000000000004,2.4030553094365166e-07,0.0,8.624004288471098e-15,7.7671452025093854,101.92138605954236,90.24113731152111,208.5749969482422,133.59300231933594,216.34100341796875,133.4600067138672
36.85,3.089609417840939e-07,0.0,8.624004288471098e-15,7.7671452025093854,101.92138605954236,90.24113731152111,208.5749969482422,133.59300231933594,216.34100341796875,133.4600067138672
36.9,3.089606635459781e-07,0.0,8.624004288471098e-15,7.7671452025093854,101.92138605954236,90.24113731152111,208.5749969482422,133.59300231933594,216.34100341796875,133.4600067138672
36.95,3.089701603438953e-07,0.0,8.624004288471098e-15,7.7671452025093854,101.92138605954236,90.24113731152111,208.5749969482422,133.59300231933594,216.34100341796875,133.4600067138672
37.0,3.4329499774392635e-07,0.0,8.624004288471098e-15,7.7671452025093854,101.92138605954236,90.24113731152111,208.5749969482422,133.59300231933594,216.34100341796875,133.4600067138672
37.050000000000004,3.434401650378999e-08,0.0,8.624004288471098e-15,7.7671452025093854,101.92138605954236,90.24113731152111,208.5749969482422,133.59300231933594,216.34100341796875,133.4600067138672
37.1,1.716451401770286e-07,0.0,8.624004288471098e-15,7.7671452025093854,101.92138605954236,90.24113731152111,208.5749969482422,133.59300231933594,216.34100341796875,133.4600067138672
37.15,2.4030852055743306e-07,0.0,8.624004288471098e-15,7.7671452025093854,101.92138605954236,90.24113731152111,208.5749969482422,133.59300231933594,216.34100341796875,133.4600067138672
37.2,2.4030188101884325e-07,0.0,8.624004288471098e-15,7.7671452025093854,101.92138605954236,90.24113731152111,208.5749969482422,133.59300231933594,216.34100341796875,133.4600067138672
37.25,2.403058878605285e-07,0.0,8.624004288471098e-15,7.7671452025093854,101.92138605954236,90.24113731152111,208.5749969482422,133.59300231933594,216.34100341796875,133.4600067138672
37.300000000000004,2.4030276655406307e-07,0.0,8.624004288471098e-15,7.7671452025093854,101.92138605954236,90.24113731152111,208.5749969482422,133.59300231933594,216.34100341796875,133.4600067138672
37.35,2.746323305806659e-07,0.0,8.624004288471098e-15,7.7671452025093854,101.92138605954236,90.24113731152111,208.5749969482422,133.59300231933594,216.34100341796875,133.4600067138672
37.4,3.0896522643604307e-07,0.0,8.624004288471098e-15,7.7671452025093854,101.92138605954236,90.24113731152111,208.5749969482422,133.59300231933594,216.34100341796875,133.4600067138672
37.45,6.001796633484223e-11,0.0,8.624004288471098e-15,7.7671452025093854,101.92138605954236,90.24113731152111,208.5749969482422,133.59300231933594,216.34100341796875,133.4600067138672
37.5,1.0299106199032504e-07,0.0,8.624004288471098e-15,7.7671452025093854,101.92138605954236,90.24113731152111,208.5749969482422,133.59300231933594,216.34100341796875,133.4600067138672
37.550000000000004,1.0299058665490727e-07,0.0,8.624004288471098e-15,7.7671452025093854,101.92138605954236,90.24113731152111,208.5749969482422,133.59300231933594,216.34100341796875,133.4600067138672
37.6,1.0299003966871553e-07,0.0,8.624004288471098e-15,7.7671452025093854,101.92138605954236,90.24113731152111,208.5749969482422,133.59300231933594,216.34100341796875,133.4600067138672
37.65,2.4030216233684617e-07,0.0,8.624004288471098e-15,7.7671452025093854,101.92138605954236,90.24113731152111,208.5749969482422,133.59300231933594,216.34100341796875,133.4600067138672
37.7,3.0896078628917845e-07,0.0,8.624004288471098e-15,7.7671452025093854,101.92138605954236,90.24113731152111,208.5749969482422,133.59300231933594,216.34100341796875,133.4600067138672
37.75,3.089701363346865e-07,0.0,8.624004288471098e-15,7.7671452025093854,101.92138605954236,90.24113731152111,208.5749969482422,133.59300231933594,216.34100341796875,133.4600067138672
37.800000000000004,3.0896199315020484e-07,0.0,8.624004288471098e-15,7.7671452025093854,101.92138605954236,90.24113731152111,208.5749969482422,133.59300231933594,216.34100341796875,133.4600067138672
37.85,3.0895966461132065e-07,0.0,8.624004288471098e-15,7.7671452025093854,101.92138605954236,90.24113731152111,208.5749969482422,133.59300231933594,216.34100341796875,133.4600067138672
37.9,3.436597739690962e-08,0.0,8.624004288471098e-15,7.7671452025093854,101.92138605954236,90.24113731152111,208.5749969482422,133.59300231933594,216.34100341796875,133.4600067138672
37.95,6.869475795340731e-08,0.0,8.624004288471098e-15,7.7671452025093854,101.92138605954236,90.24113731152111,208.5749969482422,133.59300231933594,216.34100341796875,133.4600067138672
38.0,1.0299751828711262e-07,0.0,8.624004288471098e-15,7.7671452025093854,101.92138605954236,90.24113731152111,208.5749969482422,133.59300231933594,216.34100341796875,133.4600067138672
38.050000000000004,1.0298761191702561e-07,0.0,8.624004288471098e-15,7.7671452025093854,101.92138605954236,90.24113731152111,208.5749969482422,133.59300231933594,216.34100341796875,133.4600067138672
38.1,2.746323296929782e-07,0.0,8.624004288471098e-15,7.7671452025093854,101.92138605954236,90.24113731152111,208.5749969482422,133.59300231933594,216.34100341796875,133.4600067138672
38.15,3.4329005220983974e-07,0.0,8.624004288471098e-15,7.7671452025093854,101.92138605954236,90.24113731152111,208.5749969482422,133.59300231933594,216.34100341796875,133.4600067138672
38.2,4.80603782853315e-07,0.0,8.624004288471098e-15,7.7671452025093854,101.92138605954236,90.24113731152111,208.5749969482422,133.59300231933594,216.34100341796875,133.4600067138672
38.25,5.149363300883297e-07,0.0,8.624004288471098e-15,7.7671452025093854,101.92138605954236,90.24113731152111,208.5749969482422,133.59300231933594,216.34100341796875,133.4600067138672
38.300000000000004,3.433182807796059e-08,0.0,8.624004288471098e-15,7.7671452025093854,101.92138605954236,90.24113731152111,208.5749969482422,133.59300231933594,216.34100341796875,133.4600067138672
38.35,6.865906226890856e-08,0.0,8.624004288471098e-15,7.7671452025093854,101.92138605954236,90.24113731152111,208.5749969482422,133.59300231933594,216.34100341796875,133.4600067138672
38.400000000000006,1.0302034580052486e-07,0.0,8.624004288471098e-15,7.7671452025093854,101.92138605954236,90.24113731152111,208.5749969482422,133.59300231933594,216.34100341796875,133.4600067138672
38.45,1.0299107470798209e-07,0.0,8.624004288471098e-15,7.7671452025093854,101.92138605954236,90.24113731152111,208.5749969482422,133.59300231933594,216.34100341796875,133.4600067138672
38.5,1.3731886573510707e-07,0.0,8.624004288471098e-15,7.7671452025093854,101.92138605954236,90.24113731152111,208.5749969482422,133.59300231933594,216.34100341796875,133.4600067138672
38.550000000000004,3.089595671257616e-07,0.0,8.624004288471098e-15,7.7671452025093854,101.92138605954236,90.24113731152111,208.5749969482422,133.59300231933594,216.34100341796875,133.4600067138672
38.6,4.806048100020949e-07,0.0,8.624004288471098e-15,7.7671452025093854,101.92138605954236,90.24113731152111,208.5749969482422,133.59300231933594,216.34100341796875,133.4600067138672
38.650000000000006,5.149343296168132e-07,0.0,8.624004288471098e-15,7.7671452025093854,101.92138605954236,90.24113731152111,208.5749969482422,133.59300231933594,216.34100341796875,133.4600067138672
38.7,0.0,0.0,8.624004288471098e-15,7.7671452025093854,101.92138605954236,90.24113731152111,208.5749969482422,133.59300231933594,216.34100341796875,133.4600067138672
38.75,3.439765569029444e-08,0.0,8.624004288471098e-15,7.7671452025093854,101.92138605954236,90.24113731152111,208.5749969482422,133.59300231933594,216.34100341796875,133.4600067138672
38.800000000000004,6.865837521623069e-08,0.0,8.624004288471098e-15,7.7671452025093854,101.92138605954236,90.24113731152111,208.5749969482422,133.59300231933594,216.34100341796875,133.4600067138672
38.85,1.7168137877009637e-07,0.0,8.624004288471098e-15,7.7671452025093854,101.92138605954236,90.24113731152111,208.5749969482422,133.59300231933594,216.34100341796875,133.4600067138672
38.900000000000006,1.7165431570745623e-07,0.0,8.624004288471098e-15,7.7671452025093854,101.92138605954236,90.24113731152111,208.5749969482422,133.59300231933594,216.34100341796875,133.4600067138672
38.95,3.089772613761192e-07,0.0,8.624004288471098e-15,7.7671452025093854,101.92138605954236,90.24113731152111,208.5749969482422,133.59300231933594,216.34100341796875,133.4600067138672
39.0,4.462833551329694e-07,0.0,8.624004288471098e-15,7.7671452025093854,101.92138605954236,90.24113731152111,208.5749969482422,133.59300231933594,216.34100341796875,133.4600067138672
39.050000000000004,6.179190963929617e-07,0.0,8.624004288471098e-15,7.7671452025093854,101.92138605954236,90.24113731152111,208.5749969482422,133.59300231933594,216.34100341796875,133.4600067138672
39.1,6.522520189335193e-07,0.0,8.624004288471098e-15,7.7671452025093854,101.92138605954236,90.24113731152111,208.5749969482422,133.59300231933594,216.34100341796875,133.4600067138672
39.150000000000006,3.434401650378999e-08,0.0,8.624004288471098e-15,7.7671452025093854,101.92138605954236,90.24113731152111,208.5749969482422,133.59300231933594,216.34100341796875,133.4600067138672
39.2,3.443942907078356e-08,0.0,8.624004288471098e-15,7.7671452025093854,101.92138605954236,90.24113731152111,208.5749969482422,133.59300231933594,216.34100341796875,133.4600067138672
39.25,6.866683516419796e-08,0.0,8.624004288471098e-15,7.7671452025093854,101.92138605954236,90.24113731152111,208.5749969482422,133.59300231933594,216.34100341796875,133.4600067138672
39.300000000000004,1.717147171964169e-07,0.0,8.624004288471098e-15,7.7671452025093854,101.92138605954236,90.24113731152111,208.5749969482422,133.59300231933594,216.34100341796875,133.4600067138672
39.35,2.746323240591025e-07,0.0,8.624004288471098e-15,7.7671452025093854,101.92138605954236,90.24113731152111,208.5749969482422,133.59300231933594,216.34100341796875,133.4600067138672
39.400000000000006,3.776426754611846e-07,0.0,8.624004288471098e-15,7.7671452025093854,101.92138605954236,90.24113731152111,208.5749969482422,133.59300231933594,216.34100341796875,133.4600067138672
39.45,5.149467815859902e-07,0.0,8.624004288471098e-15,7.7671452025093854,101.92138605954236,90.24113731152111,208.5749969482422,133.59300231933594,216.34100341796875,133.4600067138672
39.5,5.492701506922323e-07,0.0,8.624004288471098e-15,7.7671452025093854,101.92138605954236,90.24113731152111,208.5749969482422,133.59300231933594,216.34100341796875,133.4600067138672
39.550000000000004,6.001796633484223e-11,0.0,8.624004288471098e-15,7.7671452025093854,101.92138605954236,90.24113731152111,208.5749969482422,133.59300231933594,216.34100341796875,133.4600067138672
39.6,3.436626030243845e-08,0.0,8.624004288471098e-15,7.7671452025093854,101.92138605954236,90.24113731152111,208.5749969482422,133.59300231933594,216.34100341796875,133.4600067138672
39.650000000000006,1.0301890495014067e-07,0.0,8.624004288471098e-15,7.7671452025093854,101.92138605954236,90.24113731152111,208.5749969482422,133.59300231933594,216.34100341796875,133.4600067138672
39.7,2.403025365978812e-07,0.0,8.624004288471098e-15,7.7671452025093854,101.92138605954236,90.24113731152111,208.5749969482422,133.59300231933594,216.34100341796875,133.4600067138672
39.75,3.776241142658558e-07,0.0,8.624004288471098e-15,7.7671452025093854,101.92138605954236,90.24113731152111,208.5749969482422,133.59300231933594,216.34100341796875,133.4600067138672
39.800000000000004,3.7761859987880633e-07,0.0,8.624004288471098e-15,7.7671452025093854,101.92138605954236,90.24113731152111,208.5749969482422,133.59300231933594,216.34100341796875,133.4600067138672
39.85,3.7762099648683364e-07,0.0,8.624004288471098e-15,7.7671452025093854,101.92138605954236,90.24113731152111,208.5749969482422,133.59300231933594,216.34100341796875,133.4600067138672
39.900000000000006,3.7763139525338255e-07,0.0,8.624004288471098e-15,7.7671452025093854,101.92138605954236,90.24113731152111,208.5749969482422,133.59300231933594,216.34100341796875,133.4600067138672
39.95,4.119560684441609e-07,0.0,8.624004288471098e-15,7.7671452025093854,101.92138605954236,90.24113731152111,208.5749969482422,133.59300231933594,216.34100341796875,133.4600067138672
40.0,6.877332350417365e-08,0.0,8.624004288471098e-15,7.7671452025093854,101.92138605954236,90.24113731152111,208.5749969482422,133.59300231933594,216.34100341796875,133.4600067138672
40.050000000000004,1.0303675613763323e-07,0.0,8.624004288471098e-15,7.7671452025093854,101.92138605954236,90.24113731152111,208.5749969482422,133.59300231933594,216.34100341796875,133.4600067138672
40.1,1.0299751916707383e-07,0.0,8.624004288471098e-15,7.7671452025093854,101.92138605954236,90.24113731152111,208.5749969482422,133.59300231933594,216.34100341796875,133.4600067138672
40.150000000000006,1.0298761187096291e-07,0.0,8.624004288471098e-15,7.7671452025093854,101.92138605954236,90.24113731152111,208.5749969482422,133.59300231933594,216.34100341796875,133.4600067138672
40.2,2.0601853388306894e-07,0.0,8.624004288471098e-15,7.7671452025093854,101.92138605954236,90.24113731152111,208.5749969482422,133.59300231933594,216.34100341796875,133.4600067138672
40.25,3.776343327382849e-07,0.0,8.624004288471098e-15,7.7671452025093854,101.92138605954236,90.24113731152111,208.5749969482422,133.59300231933594,216.34100341796875,133.4600067138672
40.300000000000004,4.806045826380245e-07,0.0,8.624004288471098e-15,7.7671452025093854,101.92138605954236,90.24113731152111,208.5749969482422,133.59300231933594,216.34100341796875,133.4600067138672
40.35,5.149667865788659e-07,0.0,8.624004288471098e-15,7.7671452025093854,101.92138605954236,90.24113731152111,208.5749969482422,133.59300231933594,216.34100341796875,133.4600067138672
40.400000000000006,3.433182807796059e-08,0.0,8.624004288471098e-15,7.7671452025093854,101.92138605954236,90.24113731152111,208.5749969482422,133.59300231933594,216.34100341796875,133.4600067138672
40.45,3.439801235004361e-08,0.0,8.624004288471098e-15,7.7671452025093854,101.92138605954236,90.24113731152111,208.5749969482422,133.59300231933594,216.34100341796875,133.4600067138672
40.5,3.4551775640071076e-08,0.0,8.624004288471098e-15,7.7671452025093854,101.92138605954236,90.24113731152111,208.5749969482422,133.59300231933594,216.34100341796875,133.4600067138672
40.550000000000004,2.059891282202514e-07,0.0,8.624004288471098e-15,7.7671452025093854,101.92138605954236,90.24113731152111,208.5749969482422,133.59300231933594,216.34100341796875,133.4600067138672
40.6,3.0897283906863844e-07,0.0,8.624004288471098e-15,7.7671452025093854,101.92138605954236,90.24113731152111,208.5749969482422,133.59300231933594,216.34100341796875,133.4600067138672
40.650000000000006,3.7762648748707427e-07,0.0,8.624004288471098e-15,7.7671452025093854,101.92138605954236,90.24113731152111,208.5749969482422,133.59300231933594,216.34100341796875,133.4600067138672
40.7,3.7761913202355243e-07,0.0,8.624004288471098e-15,7.7671452025093854,101.92138605954236,90.24113731152111,208.5749969482422,133.59300231933594,216.34100341796875,133.4600067138672
40.75,3.7761976673731504e-07,0.0,8.624004288471098e-15,7.7671452025093854,101.92138605954236,90.24113731152111,208.5749969482422,133.59300231933594,216.34100341796875,133.4600067138672
40.800000000000004,0.0,0.0,8.624004288471098e-15,7.7671452025093854,101.92138605954236,90.24113731152111,208.5749969482422,133.59300231933594,216.34100341796875,133.4600067138672
40.85,3.439765569029444e-08,0.0,8.624004288471098e-15,7.7671452025093854,101.92138605954236,90.24113731152111,208.5749969482422,133.59300231933594,216.34100341796875,133.4600067138672
40.900000000000006,6.876478388549155e-08,0.0,8.624004288471098e-15,7.7671452025093854,101.92138605954236,90.24113731152111,208.5749969482422,133.59300231933594,216.34100341796875,133.4600067138672
40.95,1.3734092563248327e-07,0.0,8.624004288471098e-15,7.7671452025093854,101.92138605954236,90.24113731152111,208.5749969482422,133.59300231933594,216.34100341796875,133.4600067138672
41.0,2.403450196596665e-07,0.0,8.624004288471098e-15,7.7671452025093854,101.92138605954236,90.24113731152111,208.5749969482422,133.59300231933594,216.34100341796875,133.4600067138672
41.050000000000004,3.7761885548805995e-07,0.0,8.624004288471098e-15,7.7671452025093854,101.92138605954236,90.24113731152111,208.5749969482422,133.59300231933594,216.34100341796875,133.4600067138672
41.1,4.4629841244032894e-07,0.0,8.624004288471098e-15,7.7671452025093854,101.92138605954236,90.24113731152111,208.5749969482422,133.59300231933594,216.34100341796875,133.4600067138672
41.150000000000006,6.179228684410563e-07,0.0,8.624004288471098e-15,7.7671452025093854,101.92138605954236,90.24113731152111,208.5749969482422,133.59300231933594,216.34100341796875,133.4600067138672
41.2,6.522621907574851e-07,0.0,8.624004288471098e-15,7.7671452025093854,101.92138605954236,90.24113731152111,208.5749969482422,133.59300231933594,216.34100341796875,133.4600067138672
41.25,3.434401650378999e-08,0.0,8.624004288471098e-15,7.7671452025093854,101.92138605954236,90.24113731152111,208.5749969482422,133.59300231933594,216.34100341796875,133.4600067138672
41.300000000000004,6.87100414444045e-08,0.0,8.624004288471098e-15,7.7671452025093854,101.92138605954236,90.24113731152111,208.5749969482422,133.59300231933594,216.34100341796875,133.4600067138672
41.35,2.4030213828917776e-07,0.0,8.624004288471098e-15,7.7671452025093854,101.92138605954236,90.24113731152111,208.5749969482422,133.59300231933594,216.34100341796875,133.4600067138672
41.400000000000006,3.089615768517121e-07,0.0,8.624004288471098e-15,7.7671452025093854,101.92138605954236,90.24113731152111,208.5749969482422,133.59300231933594,216.34100341796875,133.4600067138672
41.45,3.0896021370309723e-07,0.0,8.624004288471098e-15,7.7671452025093854,101.92138605954236,90.24113731152111,208.5749969482422,133.59300231933594,216.34100341796875,133.4600067138672
41.5,3.08968615627597e-07,0.0,8.624004288471098e-15,7.7671452025093854,101.92138605954236,90.24113731152111,208.5749969482422,133.59300231933594,216.34100341796875,133.4600067138672
41.550000000000004,3.432916459711969e-07,0.0,8.624004288471098e-15,7.7671452025093854,101.92138605954236,90.24113731152111,208.5749969482422,133.59300231933594,216.34100341796875,133.4600067138672
41.6,3.77619129506711e-07,0.0,8.624004288471098e-15,7.7671452025093854,101.92138605954236,90.24113731152111,208.5749969482422,133.59300231933594,216.34100341796875,133.4600067138672
41.650000000000006,3.432886743588937e-08,0.0,8.624004288471098e-15,7.7671452025093854,101.92138605954236,90.24113731152111,208.5749969482422,133.59300231933594,216.34100341796875,133.4600067138672
41.7,1.0299373199461258e-07,0.0,8.624004288471098e-15,7.7671452025093854,101.92138605954236,90.24113731152111,208.5749969482422,133.59300231933594,216.34100341796875,133.4600067138672
41.75,2.403030869514366e-07,0.0,8.624004288471098e-15,7.7671452025093854,101.92138605954236,90.24113731152111,208.5749969482422,133.59300231933594,216.34100341796875,133.4600067138672
41.800000000000004,2.4031343123587386e-07,0.0,8.624004288471098e-15,7.7671452025093854,101.92138605954236,90.24113731152111,208.5749969482422,133.59300231933594,216.34100341796875,133.4600067138672
41.85,2.4030195193561564e-07,0.0,8.624004288471098e-15,7.7671452025093854,101.92138605954236,90.24113731152111,208.5749969482422,133.59300231933594,216.34100341796875,133.4600067138672
41.900000000000006,2.746372601373462e-07,0.0,8.624004288471098e-15,7.7671452025093854,101.92138605954236,90.24113731152111,208.5749969482422,133.59300231933594,216.34100341796875,133.4600067138672
41.95,3.0897218672500137e-07,0.0,8.624004288471098e-15,7.7671452025093854,101.92138605954236,90.24113731152111,208.5749969482422,133.59300231933594,216.34100341796875,133.4600067138672
42.0,3.089615666919161e-07,0.0,8.624004288471098e-15,7.7671452025093854,101.92138605954236,90.24113731152111,208.5749969482422,133.59300231933594,216.34100341796875,133.4600067138672
42.050000000000004,3.0896040162580124e-07,0.0,8.624004288471098e-15,7.7671452025093854,101.92138605954236,90.24113731152111,208.5749969482422,133.59300231933594,216.34100341796875,133.4600067138672
42.1,6.867716080820264e-08,0.0,8.624004288471098e-15,7.7671452025093854,101.92138605954236,90.24113731152111,208.5749969482422,133.59300231933594,216.34100341796875,133.4600067138672
42.150000000000006,2.059734237896067e-07,0.0,8.624004288471098e-15,7.7671452025093854,101.92138605954236,90.24113731152111,208.5749969482422,133.59300231933594,216.34100341796875,133.4600067138672
42.2,2.403022508240003e-07,0.0,8.624004288471098e-15,7.7671452025093854,101.92138605954236,90.24113731152111,208.5749969482422,133.59300231933594,216.34100341796875,133.4600067138672
42.25,2.4031159966706157e-07,0.0,8.624004288471098e-15,7.7671452025093854,101.92138605954236,90.24113731152111,208.5749969482422,133.59300231933594,216.34100341796875,133.4600067138672
42.300000000000004,2.7463078149029866e-07,0.0,8.624004288471098e-15,7.7671452025093854,101.92138605954236,90.24113731152111,208.5749969482422,133.59300231933594,216.34100341796875,133.4600067138672
42.35,3.089724710829537e-07,0.0,8.624004288471098e-15,7.7671452025093854,101.92138605954236,90.24113731152111,208.5749969482422,133.59300231933594,216.34100341796875,133.4600067138672
42.400000000000006,3.089615866060448e-07,0.0,8.624004288471098e-15,7.7671452025093854,101.92138605954236,90.24113731152111,208.5749969482422,133.59300231933594,216.34100341796875,133.4600067138672
42.45,3.089604392383687e-07,0.0,8.624004288471098e-15,7.7671452025093854,101.92138605954236,90.24113731152111,208.5749969482422,133.59300231933594,216.34100341796875,133.4600067138672
42.5,6.865814215221036e-08,0.0,8.624004288471098e-15,7.7671452025093854,101.92138605954236,90.24113731152111,208.5749969482422,133.59300231933594,216.34100341796875,133.4600067138672
42.550000000000004,1.0299174283322001e-07,0.0,8.624004288471098e-15,7.7671452025093854,101.92138605954236,90.24113731152111,208.5749969482422,133.59300231933594,216.34100341796875,133.4600067138672
42.6,1.7165705139326928e-07,0.0,8.624004288471098e-15,7.7671452025093854,101.92138605954236,90.24113731152111,208.5749969482422,133.59300231933594,216.34100341796875,133.4600067138672
42.650000000000006,2.403024973558293e-07,0.0,8.624004288471098e-15,7.7671452025093854,101.92138605954236,90.24113731152111,208.5749969482422,133.59300231933594,216.34100341796875,133.4600067138672
42.7,2.4030488435354137e-07,0.0,8.624004288471098e-15,7.7671452025093854,101.92138605954236,90.24113731152111,208.5749969482422,133.59300231933594,216.34100341796875,133.4600067138672
42.75,2.4031977133790806e-07,0.0,8.624004288471098e-15,7.7671452025093854,101.92138605954236,90.24113731152111,208.5749969482422,133.59300231933594,216.34100341796875,133.4600067138672
42.800000000000004,2.746321763157806e-07,0.0,8.624004288471098e-15,7.7671452025093854,101.92138605954236,90.24113731152111,208.5749969482422,133.59300231933594,216.34100341796875,133.4600067138672
42.85,3.089664284772695e-07,0.0,8.624004288471098e-15,7.7671452025093854,101.92138605954236,90.24113731152111,208.5749969482422,133.59300231933594,216.34100341796875,133.4600067138672
42.900000000000006,0.0,0.0,8.624004288471098e-15,7.7671452025093854,101.92138605954236,90.24113731152111,208.5749969482422,133.59300231933594,216.34100341796875,133.4600067138672
42.95,3.439765569029444e-08,0.0,8.624004288471098e-15,7.7671452025093854,101.92138605954236,90.24113731152111,208.5749969482422,133.59300231933594,216.34100341796875,133.4600067138672
43.0,6.867829424357812e-08,0.0,8.624004288471098e-15,7.7671452025093854,101.92138605954236,90.24113731152111,208.5749969482422,133.59300231933594,216.34100341796875,133.4600067138672
43.050000000000004,1.0299090397505547e-07,0.0,8.624004288471098e-15,7.7671452025093854,101.92138605954236,90.24113731152111,208.5749969482422,133.59300231933594,216.34100341796875,133.4600067138672
43.1,2.059737264548941e-07,0.0,8.624004288471098e-15,7.7671452025093854,101.92138605954236,90.24113731152111,208.5749969482422,133.59300231933594,216.34100341796875,133.4600067138672
43.150000000000006,3.089595985853151e-07,0.0,8.624004288471098e-15,7.7671452025093854,101.92138605954236,90.24113731152111,208.5749969482422,133.59300231933594,216.34100341796875,133.4600067138672
43.2,3.4329231306445817e-07,0.0,8.624004288471098e-15,7.7671452025093854,101.92138605954236,90.24113731152111,208.5749969482422,133.59300231933594,216.34100341796875,133.4600067138672
43.25,5.149339282400106e-07,0.0,8.624004288471098e-15,7.7671452025093854,101.92138605954236,90.24113731152111,208.5749969482422,133.59300231933594,216.34100341796875,133.4600067138672
43.300000000000004,5.149405859211405e-07,0.0,8.624004288471098e-15,7.7671452025093854,101.92138605954236,90.24113731152111,208.5749969482422,133.59300231933594,216.34100341796875,133.4600067138672
43.35,3.433997354510029e-08,0.0,8.624004288471098e-15,7.7671452025093854,101.92138605954236,90.24113731152111,208.5749969482422,133.59300231933594,216.34100341796875,133.4600067138672
43.400000000000006,6.866201968297481e-08,0.0,8.624004288471098e-15,7.7671452025093854,101.92138605954236,90.24113731152111,208.5749969482422,133.59300231933594,216.34100341796875,133.4600067138672
43.45,1.0300727898916029e-07,0.0,8.624004288471098e-15,7.7671452025093854,101.92138605954236,90.24113731152111,208.5749969482422,133.59300231933594,216.34100341796875,133.4600067138672
43.5,1.0298772285893202e-07,0.0,8.624004288471098e-15,7.7671452025093854,101.92138605954236,90.24113731152111,208.5749969482422,133.59300231933594,216.34100341796875,133.4600067138672
43.550000000000004,2.4030301967240725e-07,0.0,8.624004288471098e-15,7.7671452025093854,101.92138605954236,90.24113731152111,208.5749969482422,133.59300231933594,216.34100341796875,133.4600067138672
43.6,3.089597495839402e-07,0.0,8.624004288471098e-15,7.7671452025093854,101.92138605954236,90.24113731152111,208.5749969482422,133.59300231933594,216.34100341796875,133.4600067138672
43.650000000000006,3.089627519166294e-07,0.0,8.624004288471098e-15,7.7671452025093854,101.92138605954236,90.24113731152111,208.5749969482422,133.59300231933594,216.34100341796875,133.4600067138672
43.7,4.462750745007771e-07,0.0,8.624004288471098e-15,7.7671452025093854,101.92138605954236,90.24113731152111,208.5749969482422,133.59300231933594,216.34100341796875,133.4600067138672
43.75,6.001796633484223e-11,0.0,8.624004288471098e-15,7.7671452025093854,101.92138605954236,90.24113731152111,208.5749969482422,133.59300231933594,216.34100341796875,133.4600067138672
43.800000000000004,1.0299106199032518e-07,0.0,8.624004288471098e-15,7.7671452025093854,101.92138605954236,90.24113731152111,208.5749969482422,133.59300231933594,216.34100341796875,133.4600067138672
43.85,1.7164486326816495e-07,0.0,8.624004288471098e-15,7.7671452025093854,101.92138605954236,90.24113731152111,208.5749969482422,133.59300231933594,216.34100341796875,133.4600067138672
43.900000000000006,1.7164829305796552e-07,0.0,8.624004288471098e-15,7.7671452025093854,101.92138605954236,90.24113731152111,208.5749969482422,133.59300231933594,216.34100341796875,133.4600067138672
43.95,2.0597624952269026e-07,0.0,8.624004288471098e-15,7.7671452025093854,101.92138605954236,90.24113731152111,208.5749969482422,133.59300231933594,216.34100341796875,133.4600067138672
44.0,2.4030902992225555e-07,0.0,8.624004288471098e-15,7.7671452025093854,101.92138605954236,90.24113731152111,208.5749969482422,133.59300231933594,216.34100341796875,133.4600067138672
44.050000000000004,2.4030193880734426e-07,0.0,8.624004288471098e-15,7.7671452025093854,101.92138605954236,90.24113731152111,208.5749969482422,133.59300231933594,216.34100341796875,133.4600067138672
44.1,3.0896110361455984e-07,0.0,8.624004288471098e-15,7.7671452025093854,101.92138605954236,90.24113731152111,208.5749969482422,133.59300231933594,216.34100341796875,133.4600067138672
44.150000000000006,4.806036851440269e-07,0.0,8.624004288471098e-15,7.7671452025093854,101.92138605954236,90.24113731152111,208.5749969482422,133.59300231933594,216.34100341796875,133.4600067138672
44.2,1.0298676049495168e-07,0.0,8.624004288471098e-15,7.7671452025093854,101.92138605954236,90.24113731152111,208.5749969482422,133.59300231933594,216.34100341796875,133.4600067138672
44.25,1.3732614117005267e-07,0.0,8.624004288471098e-15,7.7671452025093854,101.92138605954236,90.24113731152111,208.5749969482422,133.59300231933594,216.34100341796875,133.4600067138672
44.300000000000004,1.7164622301319613e-07,0.0,8.624004288471098e-15,7.7671452025093854,101.92138605954236,90.24113731152111,208.5749969482422,133.59300231933594,216.34100341796875,133.4600067138672
44.35,2.0597404495768826e-07,0.0,8.624004288471098e-15,7.7671452025093854,101.92138605954236,90.24113731152111,208.5749969482422,133.59300231933594,216.34100341796875,133.4600067138672
44.400000000000006,3.432886118953509e-07,0.0,8.624004288471098e-15,7.7671452025093854,101.92138605954236,90.24113731152111,208.5749969482422,133.59300231933594,216.34100341796875,133.4600067138672
44.45,3.7762100909707805e-07,0.0,8.624004288471098e-15,7.7671452025093854,101.92138605954236,90.24113731152111,208.5749969482422,133.59300231933594,216.34100341796875,133.4600067138672
44.5,4.1194665660485895e-07,0.0,8.624004288471098e-15,7.7671452025093854,101.92138605954236,90.24113731152111,208.5749969482422,133.59300231933594,216.34100341796875,133.4600067138672
44.550000000000004,4.4627405264465705e-07,0.0,8.624004288471098e-15,7.7671452025093854,101.92138605954236,90.24113731152111,208.5749969482422,133.59300231933594,216.34100341796875,133.4600067138672
44.6,6.865878092033261e-08,0.0,8.624004288471098e-15,7.7671452025093854,101.92138605954236,90.24113731152111,208.5749969482422,133.59300231933594,216.34100341796875,133.4600067138672
44.650000000000006,1.0300974545613002e-07,0.0,8.624004288471098e-15,7.7671452025093854,101.92138605954236,90.24113731152111,208.5749969482422,133.59300231933594,216.34100341796875,133.4600067138672
44.7,1.0298932378534803e-07,0.0,8.624004288471098e-15,7.7671452025093854,101.92138605954236,90.24113731152111,208.5749969482422,133.59300231933594,216.34100341796875,133.4600067138672
44.75,1.3731994569919288e-07,0.0,8.624004288471098e-15,7.7671452025093854,101.92138605954236,90.24113731152111,208.5749969482422,133.59300231933594,216.34100341796875,133.4600067138672
44.800000000000004,3.0895965750881667e-07,0.0,8.624004288471098e-15,7.7671452025093854,101.92138605954236,90.24113731152111,208.5749969482422,133.59300231933594,216.34100341796875,133.4600067138672
44.85,4.4627501617368397e-07,0.0,8.624004288471098e-15,7.7671452025093854,101.92138605954236,90.24113731152111,208.5749969482422,133.59300231933594,216.34100341796875,133.4600067138672
44.900000000000006,4.4627489222879657e-07,0.0,8.624004288471098e-15,7.7671452025093854,101.92138605954236,90.24113731152111,208.5749969482422,133.59300231933594,216.34100341796875,133.4600067138672
44.95,4.462813322243982e-07,0.0,8.624004288471098e-15,7.7671452025093854,101.92138605954236,90.24113731152111,208.5749969482422,133.59300231933594,216.34100341796875,133.4600067138672
45.0,0.0,0.0,8.624004288471098e-15,7.7671452025093854,101.92138605954236,90.24113731152111,208.5749969482422,133.59300231933594,216.34100341796875,133.4600067138672
45.050000000000004,3.439765569029444e-08,0.0,8.624004288471098e-15,7.7671452025093854,101.92138605954236,90.24113731152111,208.5749969482422,133.59300231933594,216.34100341796875,133.4600067138672
45.1,3.4509087122761656e-08,0.0,8.624004288471098e-15,7.7671452025093854,101.92138605954236,90.24113731152111,208.5749969482422,133.59300231933594,216.34100341796875,133.4600067138672
45.150000000000006,3.439117649426307e-08,0.0,8.624004288471098e-15,7.7671452025093854,101.92138605954236,90.24113731152111,208.5749969482422,133.59300231933594,216.34100341796875,133.4600067138672
45.2,3.4332436091952487e-08,0.0,8.624004288471098e-15,7.7671452025093854,101.92138605954236,90.24113731152111,208.5749969482422,133.59300231933594,216.34100341796875,133.4600067138672
45.25,1.0299007991969365e-07,0.0,8.624004288471098e-15,7.7671452025093854,101.92138605954236,90.24113731152111,208.5749969482422,133.59300231933594,216.34100341796875,133.4600067138672
45.300000000000004,2.746307531617578e-07,0.0,8.624004288471098e-15,7.7671452025093854,101.92138605954236,90.24113731152111,208.5749969482422,133.59300231933594,216.34100341796875,133.4600067138672
45.35,3.7761892235716e-07,0.0,8.624004288471098e-15,7.7671452025093854,101.92138605954236,90.24113731152111,208.5749969482422,133.59300231933594,216.34100341796875,133.4600067138672
45.400000000000006,3.77620385580485e-07,0.0,8.624004288471098e-15,7.7671452025093854,101.92138605954236,90.24113731152111,208.5749969482422,133.59300231933594,216.34100341796875,133.4600067138672
45.45,3.434401650378999e-08,0.0,8.624004288471098e-15,7.7671452025093854,101.92138605954236,90.24113731152111,208.5749969482422,133.59300231933594,216.34100341796875,133.4600067138672
45.5,6.87100414444045e-08,0.0,8.624004288471098e-15,7.7671452025093854,101.92138605954236,90.24113731152111,208.5749969482422,133.59300231933594,216.34100341796875,133.4600067138672
45.550000000000004,1.373678565233978e-07,0.0,8.624004288471098e-15,7.7671452025093854,101.92138605954236,90.24113731152111,208.5749969482422,133.59300231933594,216.34100341796875,133.4600067138672
45.6,1.7167077175810557e-07,0.0,8.624004288471098e-15,7.7671452025093854,101.92138605954236,90.24113731152111,208.5749969482422,133.59300231933594,216.34100341796875,133.4600067138672
45.650000000000006,3.089669212061533e-07,0.0,8.624004288471098e-15,7.7671452025093854,101.92138605954236,90.24113731152111,208.5749969482422,133.59300231933594,216.34100341796875,133.4600067138672
45.7,4.806206629416565e-07,0.0,8.624004288471098e-15,7.7671452025093854,101.92138605954236,90.24113731152111,208.5749969482422,133.59300231933594,216.34100341796875,133.4600067138672
45.75,5.492630404983765e-07,0.0,8.624004288471098e-15,7.7671452025093854,101.92138605954236,90.24113731152111,208.5749969482422,133.59300231933594,216.34100341796875,133.4600067138672
45.800000000000004,5.835988367627618e-07,0.0,8.624004288471098e-15,7.7671452025093854,101.92138605954236,90.24113731152111,208.5749969482422,133.59300231933594,216.34100341796875,133.4600067138672
45.85,6.001796633484223e-11,0.0,8.624004288471098e-15,7.7671452025093854,101.92138605954236,90.24113731152111,208.5749969482422,133.59300231933594,216.34100341796875,133.4600067138672
45.900000000000006,3.436626030243845e-08,0.0,8.624004288471098e-15,7.7671452025093854,101.92138605954236,90.24113731152111,208.5749969482422,133.59300231933594,216.34100341796875,133.4600067138672
45.95,3.4491081115348256e-08,0.0,8.624004288471098e-15,7.7671452025093854,101.92138605954236,90.24113731152111,208.5749969482422,133.59300231933594,216.34100341796875,133.4600067138672
46.0,6.867287432594772e-08,0.0,8.624004288471098e-15,7.7671452025093854,101.92138605954236,90.24113731152111,208.5749969482422,133.59300231933594,216.34100341796875,133.4600067138672
46.050000000000004,2.059957200177769e-07,0.0,8.624004288471098e-15,7.7671452025093854,101.92138605954236,90.24113731152111,208.5749969482422,133.59300231933594,216.34100341796875,133.4600067138672
46.1,3.0897081031227174e-07,0.0,8.624004288471098e-15,7.7671452025093854,101.92138605954236,90.24113731152111,208.5749969482422,133.59300231933594,216.34100341796875,133.4600067138672
46.150000000000006,3.776204446622472e-07,0.0,8.624004288471098e-15,7.7671452025093854,101.92138605954236,90.24113731152111,208.5749969482422,133.59300231933594,216.34100341796875,133.4600067138672
46.2,3.7763139528309753e-07,0.0,8.624004288471098e-15,7.7671452025093854,101.92138605954236,90.24113731152111,208.5749969482422,133.59300231933594,216.34100341796875,133.4600067138672
46.25,5.149402937252352e-07,0.0,8.624004288471098e-15,7.7671452025093854,101.92138605954236,90.24113731152111,208.5749969482422,133.59300231933594,216.34100341796875,133.4600067138672
46.300000000000004,1.030010752525908e-07,0.0,8.624004288471098e-15,7.7671452025093854,101.92138605954236,90.24113731152111,208.5749969482422,133.59300231933594,216.34100341796875,133.4600067138672
46.35,1.7164505166732845e-07,0.0,8.624004288471098e-15,7.7671452025093854,101.92138605954236,90.24113731152111,208.5749969482422,133.59300231933594,216.34100341796875,133.4600067138672
46.400000000000006,1.716483208092015e-07,0.0,8.624004288471098e-15,7.7671452025093854,101.92138605954236,90.24113731152111,208.5749969482422,133.59300231933594,216.34100341796875,133.4600067138672
46.45,1.716691928143736e-07,0.0,8.624004288471098e-15,7.7671452025093854,101.92138605954236,90.24113731152111,208.5749969482422,133.59300231933594,216.34100341796875,133.4600067138672
46.5,2.0597540435440705e-07,0.0,8.624004288471098e-15,7.7671452025093854,101.92138605954236,90.24113731152111,208.5749969482422,133.59300231933594,216.34100341796875,133.4600067138672
46.550000000000004,2.4033420544553524e-07,0.0,8.624004288471098e-15,7.7671452025093854,101.92138605954236,90.24113731152111,208.5749969482422,133.59300231933594,216.34100341796875,133.4600067138672
46.6,2.403124170614672e-07,0.0,8.624004288471098e-15,7.7671452025093854,101.92138605954236,90.24113731152111,208.5749969482422,133.59300231933594,216.34100341796875,133.4600067138672
46.650000000000006,2.4030261168708845e-07,0.0,8.624004288471098e-15,7.7671452025093854,101.92138605954236,90.24113731152111,208.5749969482422,133.59300231933594,216.34100341796875,133.4600067138672
46.7,3.433182807796059e-08,0.0,8.624004288471098e-15,7.7671452025093854,101.92138605954236,90.24113731152111,208.5749969482422,133.59300231933594,216.34100341796875,133.4600067138672
46.75,3.439801235004361e-08,0.0,8.624004288471098e-15,7.7671452025093854,101.92138605954236,90.24113731152111,208.5749969482422,133.59300231933594,216.34100341796875,133.4600067138672
46.800000000000004,2.0597528436723448e-07,0.0,8.624004288471098e-15,7.7671452025093854,101.92138605954236,90.24113731152111,208.5749969482422,133.59300231933594,216.34100341796875,133.4600067138672
46.85,3.089605894266729e-07,0.0,8.624004288471098e-15,7.7671452025093854,101.92138605954236,90.24113731152111,208.5749969482422,133.59300231933594,216.34100341796875,133.4600067138672
46.900000000000006,3.0896873136316225e-07,0.0,8.624004288471098e-15,7.7671452025093854,101.92138605954236,90.24113731152111,208.5749969482422,133.59300231933594,216.34100341796875,133.4600067138672
46.95,3.089866824414617e-07,0.0,8.624004288471098e-15,7.7671452025093854,101.92138605954236,90.24113731152111,208.5749969482422,133.59300231933594,216.34100341796875,133.4600067138672
47.0,3.0896380586455946e-07,0.0,8.624004288471098e-15,7.7671452025093854,101.92138605954236,90.24113731152111,208.5749969482422,133.59300231933594,216.34100341796875,133.4600067138672
47.050000000000004,3.0895960606153587e-07,0.0,8.624004288471098e-15,7.7671452025093854,101.92138605954236,90.24113731152111,208.5749969482422,133.59300231933594,216.34100341796875,133.4600067138672
47.1,0.0,0.0,8.624004288471098e-15,7.7671452025093854,101.92138605954236,90.24113731152111,208.5749969482422,133.59300231933594,216.34100341796875,133.4600067138672
47.150000000000006,3.439765569029444e-08,0.0,8.624004288471098e-15,7.7671452025093854,101.92138605954236,90.24113731152111,208.5749969482422,133.59300231933594,216.34100341796875,133.4600067138672
47.2,3.437784832147382e-08,0.0,8.624004288471098e-15,7.7671452025093854,101.92138605954236,90.24113731152111,208.5749969482422,133.59300231933594,216.34100341796875,133.4600067138672
47.25,3.4330222978350684e-08,0.0,8.624004288471098e-15,7.7671452025093854,101.92138605954236,90.24113731152111,208.5749969482422,133.59300231933594,216.34100341796875,133.4600067138672
47.300000000000004,3.440361281066905e-08,0.0,8.624004288471098e-15,7.7671452025093854,101.92138605954236,90.24113731152111,208.5749969482422,133.59300231933594,216.34100341796875,133.4600067138672
47.35,6.866071107548189e-08,0.0,8.624004288471098e-15,7.7671452025093854,101.92138605954236,90.24113731152111,208.5749969482422,133.59300231933594,216.34100341796875,133.4600067138672
47.400000000000006,2.4030553220558533e-07,0.0,8.624004288471098e-15,7.7671452025093854,101.92138605954236,90.24113731152111,208.5749969482422,133.59300231933594,216.34100341796875,133.4600067138672
47.45,3.089595992569493e-07,0.0,8.624004288471098e-15,7.7671452025093854,101.92138605954236,90.24113731152111,208.5749969482422,133.59300231933594,216.34100341796875,133.4600067138672
47.5,3.0896369470458105e-07,0.0,8.624004288471098e-15,7.7671452025093854,101.92138605954236,90.24113731152111,208.5749969482422,133.59300231933594,216.34100341796875,133.4600067138672
47.550000000000004,6.865924269685645e-08,0.0,8.624004288471098e-15,7.7671452025093854,101.92138605954236,90.24113731152111,208.5749969482422,133.59300231933594,216.34100341796875,133.4600067138672
47.6,1.0299372159905367e-07,0.0,8.624004288471098e-15,7.7671452025093854,101.92138605954236,90.24113731152111,208.5749969482422,133.59300231933594,216.34100341796875,133.4600067138672
47.650000000000006,2.0597790894365853e-07,0.0,8.624004288471098e-15,7.7671452025093854,101.92138605954236,90.24113731152111,208.5749969482422,133.59300231933594,216.34100341796875,133.4600067138672
47.7,2.4030638372393817e-07,0.0,8.624004288471098e-15,7.7671452025093854,101.92138605954236,90.24113731152111,208.5749969482422,133.59300231933594,216.34100341796875,133.4600067138672
47.75,2.4030193957240607e-07,0.0,8.624004288471098e-15,7.7671452025093854,101.92138605954236,90.24113731152111,208.5749969482422,133.59300231933594,216.34100341796875,133.4600067138672
47.800000000000004,2.403100412657003e-07,0.0,8.624004288471098e-15,7.7671452025093854,101.92138605954236,90.24113731152111,208.5749969482422,133.59300231933594,216.34100341796875,133.4600067138672
47.85,3.7762110943557305e-07,0.0,8.624004288471098e-15,7.7671452025093854,101.92138605954236,90.24113731152111,208.5749969482422,133.59300231933594,216.34100341796875,133.4600067138672
47.900000000000006,4.4628356373839245e-07,0.0,8.624004288471098e-15,7.7671452025093854,101.92138605954236,90.24113731152111,208.5749969482422,133.59300231933594,216.34100341796875,133.4600067138672
47.95,6.001796633484223e-11,0.0,8.624004288471098e-15,7.7671452025093854,101.92138605954236,90.24113731152111,208.5749969482422,133.59300231933594,216.34100341796875,133.4600067138672
48.0,3.436626030243845e-08,0.0,8.624004288471098e-15,7.7671452025093854,101.92138605954236,90.24113731152111,208.5749969482422,133.59300231933594,216.34100341796875,133.4600067138672
48.050000000000004,1.030217694602301e-07,0.0,8.624004288471098e-15,7.7671452025093854,101.92138605954236,90.24113731152111,208.5749969482422,133.59300231933594,216.34100341796875,133.4600067138672
48.1,2.059736284763358e-07,0.0,8.624004288471098e-15,7.7671452025093854,101.92138605954236,90.24113731152111,208.5749969482422,133.59300231933594,216.34100341796875,133.4600067138672
48.150000000000006,3.0896927187152273e-07,0.0,8.624004288471098e-15,7.7671452025093854,101.92138605954236,90.24113731152111,208.5749969482422,133.59300231933594,216.34100341796875,133.4600067138672
48.2,3.089603908932009e-07,0.0,8.624004288471098e-15,7.7671452025093854,101.92138605954236,90.24113731152111,208.5749969482422,133.59300231933594,216.34100341796875,133.4600067138672
48.25,3.089612725859093e-07,0.0,8.624004288471098e-15,7.7671452025093854,101.92138605954236,90.24113731152111,208.5749969482422,133.59300231933594,216.34100341796875,133.4600067138672
48.300000000000004,3.0897193474660096e-07,0.0,8.624004288471098e-15,7.7671452025093854,101.92138605954236,90.24113731152111,208.5749969482422,133.59300231933594,216.34100341796875,133.4600067138672
48.35,4.80606110149524e-07,0.0,8.624004288471098e-15,7.7671452025093854,101.92138605954236,90.24113731152111,208.5749969482422,133.59300231933594,216.34100341796875,133.4600067138672
48.400000000000006,1.3731708498943483e-07,0.0,8.624004288471098e-15,7.7671452025093854,101.92138605954236,90.24113731152111,208.5749969482422,133.59300231933594,216.34100341796875,133.4600067138672
48.45,1.716450506141376e-07,0.0,8.624004288471098e-15,7.7671452025093854,101.92138605954236,90.24113731152111,208.5749969482422,133.59300231933594,216.34100341796875,133.4600067138672
48.5,1.716483209610399e-07,0.0,8.624004288471098e-15,7.7671452025093854,101.92138605954236,90.24113731152111,208.5749969482422,133.59300231933594,216.34100341796875,133.4600067138672
48.550000000000004,1.7166919318379428e-07,0.0,8.624004288471098e-15,7.7671452025093854,101.92138605954236,90.24113731152111,208.5749969482422,133.59300231933594,216.34100341796875,133.4600067138672
48.6,2.0597491656690153e-07,0.0,8.624004288471098e-15,7.7671452025093854,101.92138605954236,90.24113731152111,208.5749969482422,133.59300231933594,216.34100341796875,133.4600067138672
48.650000000000006,2.403018908303885e-07,0.0,8.624004288471098e-15,7.7671452025093854,101.92138605954236,90.24113731152111,208.5749969482422,133.59300231933594,216.34100341796875,133.4600067138672
48.7,2.7463848196432485e-07,0.0,8.624004288471098e-15,7.7671452025093854,101.92138605954236,90.24113731152111,208.5749969482422,133.59300231933594,216.34100341796875,133.4600067138672
48.75,3.089624086863286e-07,0.0,8.624004288471098e-15,7.7671452025093854,101.92138605954236,90.24113731152111,208.5749969482422,133.59300231933594,216.34100341796875,133.4600067138672
48.800000000000004,3.432968120137529e-08,0.0,8.624004288471098e-15,7.7671452025093854,101.92138605954236,90.24113731152111,208.5749969482422,133.59300231933594,216.34100341796875,133.4600067138672
48.85,6.867283716433707e-08,0.0,8.624004288471098e-15,7.7671452025093854,101.92138605954236,90.24113731152111,208.5749969482422,133.59300231933594,216.34100341796875,133.4600067138672
48.900000000000006,2.403028846670677e-07,0.0,8.624004288471098e-15,7.7671452025093854,101.92138605954236,90.24113731152111,208.5749969482422,133.59300231933594,216.34100341796875,133.4600067138672
48.95,2.40315556371259e-07,0.0,8.624004288471098e-15,7.7671452025093854,101.92138605954236,90.24113731152111,208.5749969482422,133.59300231933594,216.34100341796875,133.4600067138672
49.0,2.7464229058649416e-07,0.0,8.624004288471098e-15,7.7671452025093854,101.92138605954236,90.24113731152111,208.5749969482422,133.59300231933594,216.34100341796875,133.4600067138672
49.050000000000004,3.0896277256136836e-07,0.0,8.624004288471098e-15,7.7671452025093854,101.92138605954236,90.24113731152111,208.5749969482422,133.59300231933594,216.34100341796875,133.4600067138672
49.1,3.432903161289996e-07,0.0,8.624004288471098e-15,7.7671452025093854,101.92138605954236,90.24113731152111,208.5749969482422,133.59300231933594,216.34100341796875,133.4600067138672
49.150000000000006,3.776184790768676e-07,0.0,8.624004288471098e-15,7.7671452025093854,101.92138605954236,90.24113731152111,208.5749969482422,133.59300231933594,216.34100341796875,133.4600067138672
49.2,0.0,0.0,8.624004288471098e-15,7.7671452025093854,101.92138605954236,90.24113731152111,208.5749969482422,133.59300231933594,216.34100341796875,133.4600067138672
49.25,3.436947799482151e-08,0.0,8.624004288471098e-15,7.7671452025093854,101.92138605954236,90.24113731152111,208.5749969482422,133.59300231933594,216.34100341796875,133.4600067138672
49.300000000000004,3.432935473532174e-08,0.0,8.624004288471098e-15,7.7671452025093854,101.92138605954236,90.24113731152111,208.5749969482422,133.59300231933594,216.34100341796875,133.4600067138672
49.35,6.865824931358e-08,0.0,8.624004288471098e-15,7.7671452025093854,101.92138605954236,90.24113731152111,208.5749969482422,133.59300231933594,216.34100341796875,133.4600067138672
49.400000000000006,1.0303112742262638e-07,0.0,8.624004288471098e-15,7.7671452025093854,101.92138605954236,90.24113731152111,208.5749969482422,133.59300231933594,216.34100341796875,133.4600067138672
49.45,1.0299563049390038e-07,0.0,8.624004288471098e-15,7.7671452025093854,101.92138605954236,90.24113731152111,208.5749969482422,133.59300231933594,216.34100341796875,133.4600067138672
49.5,2.0597532571293845e-07,0.0,8.624004288471098e-15,7.7671452025093854,101.92138605954236,90.24113731152111,208.5749969482422,133.59300231933594,216.34100341796875,133.4600067138672
49.550000000000004,3.776228998843796e-07,0.0,8.624004288471098e-15,7.7671452025093854,101.92138605954236,90.24113731152111,208.5749969482422,133.59300231933594,216.34100341796875,133.4600067138672
49.6,5.492796715080768e-07,0.0,8.624004288471098e-15,7.7671452025093854,101.92138605954236,90.24113731152111,208.5749969482422,133.59300231933594,216.34100341796875,133.4600067138672
49.650000000000006,1.0298758353914327e-07,0.0,8.624004288471098e-15,7.7671452025093854,101.92138605954236,90.24113731152111,208.5749969482422,133.59300231933594,216.34100341796875,133.4600067138672
49.7,1.7164617783412168e-07,0.0,8.624004288471098e-15,7.7671452025093854,101.92138605954236,90.24113731152111,208.5749969482422,133.59300231933594,216.34100341796875,133.4600067138672
49.75,1.7166304469192223e-07,0.0,8.624004288471098e-15,7.7671452025093854,101.92138605954236,90.24113731152111,208.5749969482422,133.59300231933594,216.34100341796875,133.4600067138672
49.800000000000004,2.0597387489599776e-07,0.0,8.624004288471098e-15,7.7671452025093854,101.92138605954236,90.24113731152111,208.5749969482422,133.59300231933594,216.34100341796875,133.4600067138672
49.85,2.403141956128898e-07,0.0,8.624004288471098e-15,7.7671452025093854,101.92138605954236,90.24113731152111,208.5749969482422,133.59300231933594,216.34100341796875,133.4600067138672
49.900000000000006,2.40302893832357e-07,0.0,8.624004288471098e-15,7.7671452025093854,101.92138605954236,90.24113731152111,208.5749969482422,133.59300231933594,216.34100341796875,133.4600067138672
49.95,2.403041187673128e-07,0.0,8.624004288471098e-15,7.7671452025093854,101.92138605954236,90.24113731152111,208.5749969482422,133.59300231933594,216.34100341796875,133.4600067138672
50.0,3.0896687380130866e-07,0.0,8.624004288471098e-15,7.7671452025093854,101.92138605954236,90.24113731152111,208.5749969482422,133.59300231933594,216.34100341796875,133.4600067138672
50.050000000000004,3.432910461880235e-08,0.0,8.624004288471098e-15,7.7671452025093854,101.92138605954236,90.24113731152111,208.5749969482422,133.59300231933594,216.34100341796875,133.4600067138672
50.1,2.059841392455083e-07,0.0,8.624004288471098e-15,7.7671452025093854,101.92138605954236,90.24113731152111,208.5749969482422,133.59300231933594,216.34100341796875,133.4600067138672
50.150000000000006,2.4030204224927353e-07,0.0,8.624004288471098e-15,7.7671452025093854,101.92138605954236,90.24113731152111,208.5749969482422,133.59300231933594,216.34100341796875,133.4600067138672
50.2,2.403071233421954e-07,0.0,8.624004288471098e-15,7.7671452025093854,101.92138605954236,90.24113731152111,208.5749969482422,133.59300231933594,216.34100341796875,133.4600067138672
50.25,2.4032477864732046e-07,0.0,8.624004288471098e-15,7.7671452025093854,101.92138605954236,90.24113731152111,208.5749969482422,133.59300231933594,216.34100341796875,133.4600067138672
50.300000000000004,2.746503523965644e-07,0.0,8.624004288471098e-15,7.7671452025093854,101.92138605954236,90.24113731152111,208.5749969482422,133.59300231933594,216.34100341796875,133.4600067138672
50.35,3.433053328213589e-07,0.0,8.624004288471098e-15,7.7671452025093854,101.92138605954236,90.24113731152111,208.5749969482422,133.59300231933594,216.34100341796875,133.4600067138672
50.400000000000006,3.7764590530534624e-07,0.0,8.624004288471098e-15,7.7671452025093854,101.92138605954236,90.24113731152111,208.5749969482422,133.59300231933594,216.34100341796875,133.4600067138672
50.45,3.776290423277565e-07,0.0,8.624004288471098e-15,7.7671452025093854,101.92138605954236,90.24113731152111,208.5749969482422,133.59300231933594,216.34100341796875,133.4600067138672
50.5,3.436597739690962e-08,0.0,8.624004288471098e-15,7.7671452025093854,101.92138605954236,90.24113731152111,208.5749969482422,133.59300231933594,216.34100341796875,133.4600067138672
50.550000000000004,3.449047392663919e-08,0.0,8.624004288471098e-15,7.7671452025093854,101.92138605954236,90.24113731152111,208.5749969482422,133.59300231933594,216.34100341796875,133.4600067138672
50.6,1.373390135852787e-07,0.0,8.624004288471098e-15,7.7671452025093854,101.92138605954236,90.24113731152111,208.5749969482422,133.59300231933594,216.34100341796875,133.4600067138672
50.650000000000006,3.0896053034003005e-07,0.0,8.624004288471098e-15,7.7671452025093854,101.92138605954236,90.24113731152111,208.5749969482422,133.59300231933594,216.34100341796875,133.4600067138672
50.7,4.4627548431148395e-07,0.0,8.624004288471098e-15,7.7671452025093854,101.92138605954236,90.24113731152111,208.5749969482422,133.59300231933594,216.34100341796875,133.4600067138672
50.75,4.462744916026365e-07,0.0,8.624004288471098e-15,7.7671452025093854,101.92138605954236,90.24113731152111,208.5749969482422,133.59300231933594,216.34100341796875,133.4600067138672
50.800000000000004,4.4628023503745866e-07,0.0,8.624004288471098e-15,7.7671452025093854,101.92138605954236,90.24113731152111,208.5749969482422,133.59300231933594,216.34100341796875,133.4600067138672
50.85,4.806203945408598e-07,0.0,8.624004288471098e-15,7.7671452025093854,101.92138605954236,90.24113731152111,208.5749969482422,133.59300231933594,216.34100341796875,133.4600067138672
50.900000000000006,6.8670400596167e-08,0.0,8.624004288471098e-15,7.7671452025093854,101.92138605954236,90.24113731152111,208.5749969482422,133.59300231933594,216.34100341796875,133.4600067138672
50.95,1.0301563337873518e-07,0.0,8.624004288471098e-15,7.7671452025093854,101.92138605954236,90.24113731152111,208.5749969482422,133.59300231933594,216.34100341796875,133.4600067138672
51.0,1.0298932375894772e-07,0.0,8.624004288471098e-15,7.7671452025093854,101.92138605954236,90.24113731152111,208.5749969482422,133.59300231933594,216.34100341796875,133.4600067138672
51.050000000000004,1.0299233806261436e-07,0.0,8.624004288471098e-15,7.7671452025093854,101.92138605954236,90.24113731152111,208.5749969482422,133.59300231933594,216.34100341796875,133.4600067138672
51.1,2.0597748001840914e-07,0.0,8.624004288471098e-15,7.7671452025093854,101.92138605954236,90.24113731152111,208.5749969482422,133.59300231933594,216.34100341796875,133.4600067138672
51.150000000000006,3.432890349268815e-07,0.0,8.624004288471098e-15,7.7671452025093854,101.92138605954236,90.24113731152111,208.5749969482422,133.59300231933594,216.34100341796875,133.4600067138672
51.2,4.4627975067328663e-07,0.0,8.624004288471098e-15,7.7671452025093854,101.92138605954236,90.24113731152111,208.5749969482422,133.59300231933594,216.34100341796875,133.4600067138672
51.25,4.4627433599056436e-07,0.0,8.624004288471098e-15,7.7671452025093854,101.92138605954236,90.24113731152111,208.5749969482422,133.59300231933594,216.34100341796875,133.4600067138672
51.300000000000004,0.0,0.0,8.624004288471098e-15,7.7671452025093854,101.92138605954236,90.24113731152111,208.5749969482422,133.59300231933594,216.34100341796875,133.4600067138672
51.35,3.439765569029444e-08,0.0,8.624004288471098e-15,7.7671452025093854,101.92138605954236,90.24113731152111,208.5749969482422,133.59300231933594,216.34100341796875,133.4600067138672
51.400000000000006,6.876478388549155e-08,0.0,8.624004288471098e-15,7.7671452025093854,101.92138605954236,90.24113731152111,208.5749969482422,133.59300231933594,216.34100341796875,133.4600067138672
51.45,1.3734092563248327e-07,0.0,8.624004288471098e-15,7.7671452025093854,101.92138605954236,90.24113731152111,208.5749969482422,133.59300231933594,216.34100341796875,133.4600067138672
51.5,2.403450196596665e-07,0.0,8.624004288471098e-15,7.7671452025093854,101.92138605954236,90.24113731152111,208.5749969482422,133.59300231933594,216.34100341796875,133.4600067138672
51.550000000000004,3.7761885548805995e-07,0.0,8.624004288471098e-15,7.7671452025093854,101.92138605954236,90.24113731152111,208.5749969482422,133.59300231933594,216.34100341796875,133.4600067138672
51.6,4.4629841244032894e-07,0.0,8.624004288471098e-15,7.7671452025093854,101.92138605954236,90.24113731152111,208.5749969482422,133.59300231933594,216.34100341796875,133.4600067138672
51.650000000000006,6.179275609286852e-07,0.0,8.624004288471098e-15,7.7671452025093854,101.92138605954236,90.24113731152111,208.5749969482422,133.59300231933594,216.34100341796875,133.4600067138672
51.7,6.865852185004704e-07,0.0,8.624004288471098e-15,7.7671452025093854,101.92138605954236,90.24113731152111,208.5749969482422,133.59300231933594,216.34100341796875,133.4600067138672
51.75,3.434401650378999e-08,0.0,8.624004288471098e-15,7.7671452025093854,101.92138605954236,90.24113731152111,208.5749969482422,133.59300231933594,216.34100341796875,133.4600067138672
51.800000000000004,6.866493844465675e-08,0.0,8.624004288471098e-15,7.7671452025093854,101.92138605954236,90.24113731152111,208.5749969482422,133.59300231933594,216.34100341796875,133.4600067138672
51.85,1.0306226178150658e-07,0.0,8.624004288471098e-15,7.7671452025093854,101.92138605954236,90.24113731152111,208.5749969482422,133.59300231933594,216.34100341796875,133.4600067138672
51.900000000000006,1.3733233985385364e-07,0.0,8.624004288471098e-15,7.7671452025093854,101.92138605954236,90.24113731152111,208.5749969482422,133.59300231933594,216.34100341796875,133.4600067138672
51.95,2.7467776736624563e-07,0.0,8.624004288471098e-15,7.7671452025093854,101.92138605954236,90.24113731152111,208.5749969482422,133.59300231933594,216.34100341796875,133.4600067138672
52.0,4.462913497954117e-07,0.0,8.624004288471098e-15,7.7671452025093854,101.92138605954236,90.24113731152111,208.5749969482422,133.59300231933594,216.34100341796875,133.4600067138672
52.050000000000004,4.806110161584157e-07,0.0,8.624004288471098e-15,7.7671452025093854,101.92138605954236,90.24113731152111,208.5749969482422,133.59300231933594,216.34100341796875,133.4600067138672
52.1,5.149472380813049e-07,0.0,8.624004288471098e-15,7.7671452025093854,101.92138605954236,90.24113731152111,208.5749969482422,133.59300231933594,216.34100341796875,133.4600067138672
52.150000000000006,6.001796633484223e-11,0.0,8.624004288471098e-15,7.7671452025093854,101.92138605954236,90.24113731152111,208.5749969482422,133.59300231933594,216.34100341796875,133.4600067138672
52.2,3.436626030243845e-08,0.0,8.624004288471098e-15,7.7671452025093854,101.92138605954236,90.24113731152111,208.5749969482422,133.59300231933594,216.34100341796875,133.4600067138672
52.25,3.4491081115348256e-08,0.0,8.624004288471098e-15,7.7671452025093854,101.92138605954236,90.24113731152111,208.5749969482422,133.59300231933594,216.34100341796875,133.4600067138672
52.300000000000004,1.0307705418605174e-07,0.0,8.624004288471098e-15,7.7671452025093854,101.92138605954236,90.24113731152111,208.5749969482422,133.59300231933594,216.34100341796875,133.4600067138672
52.35,1.7164775937174786e-07,0.0,8.624004288471098e-15,7.7671452025093854,101.92138605954236,90.24113731152111,208.5749969482422,133.59300231933594,216.34100341796875,133.4600067138672
52.400000000000006,3.4329505641763793e-07,0.0,8.624004288471098e-15,7.7671452025093854,101.92138605954236,90.24113731152111,208.5749969482422,133.59300231933594,216.34100341796875,133.4600067138672
52.45,4.4627737075240077e-07,0.0,8.624004288471098e-15,7.7671452025093854,101.92138605954236,90.24113731152111,208.5749969482422,133.59300231933594,216.34100341796875,133.4600067138672
52.5,4.4627408909769164e-07,0.0,8.624004288471098e-15,7.7671452025093854,101.92138605954236,90.24113731152111,208.5749969482422,133.59300231933594,216.34100341796875,133.4600067138672
52.550000000000004,4.4627757166369343e-07,0.0,8.624004288471098e-15,7.7671452025093854,101.92138605954236,90.24113731152111,208.5749969482422,133.59300231933594,216.34100341796875,133.4600067138672
52.6,3.436597739690962e-08,0.0,8.624004288471098e-15,7.7671452025093854,101.92138605954236,90.24113731152111,208.5749969482422,133.59300231933594,216.34100341796875,133.4600067138672
52.650000000000006,3.449047392663919e-08,0.0,8.624004288471098e-15,7.7671452025093854,101.92138605954236,90.24113731152111,208.5749969482422,133.59300231933594,216.34100341796875,133.4600067138672
52.7,6.867256337255812e-08,0.0,8.624004288471098e-15,7.7671452025093854,101.92138605954236,90.24113731152111,208.5749969482422,133.59300231933594,216.34100341796875,133.4600067138672
52.75,1.3741893539232395e-07,0.0,8.624004288471098e-15,7.7671452025093854,101.92138605954236,90.24113731152111,208.5749969482422,133.59300231933594,216.34100341796875,133.4600067138672
52.800000000000004,2.060388941097463e-07,0.0,8.624004288471098e-15,7.7671452025093854,101.92138605954236,90.24113731152111,208.5749969482422,133.59300231933594,216.34100341796875,133.4600067138672
52.85,3.77624368603392e-07,0.0,8.624004288471098e-15,7.7671452025093854,101.92138605954236,90.24113731152111,208.5749969482422,133.59300231933594,216.34100341796875,133.4600067138672
52.900000000000006,4.806441764110573e-07,0.0,8.624004288471098e-15,7.7671452025093854,101.92138605954236,90.24113731152111,208.5749969482422,133.59300231933594,216.34100341796875,133.4600067138672
52.95,5.492663758679197e-07,0.0,8.624004288471098e-15,7.7671452025093854,101.92138605954236,90.24113731152111,208.5749969482422,133.59300231933594,216.34100341796875,133.4600067138672
53.0,6.8670400596167e-08,0.0,8.624004288471098e-15,7.7671452025093854,101.92138605954236,90.24113731152111,208.5749969482422,133.59300231933594,216.34100341796875,133.4600067138672
53.050000000000004,1.0307897032585877e-07,0.0,8.624004288471098e-15,7.7671452025093854,101.92138605954236,90.24113731152111,208.5749969482422,133.59300231933594,216.34100341796875,133.4600067138672
53.1,1.0302046736232216e-07,0.0,8.624004288471098e-15,7.7671452025093854,101.92138605954236,90.24113731152111,208.5749969482422,133.59300231933594,216.34100341796875,133.4600067138672
53.150000000000006,2.403149149593964e-07,0.0,8.624004288471098e-15,7.7671452025093854,101.92138605954236,90.24113731152111,208.5749969482422,133.59300231933594,216.34100341796875,133.4600067138672
53.2,2.4036342365944066e-07,0.0,8.624004288471098e-15,7.7671452025093854,101.92138605954236,90.24113731152111,208.5749969482422,133.59300231933594,216.34100341796875,133.4600067138672
53.25,3.432941030252527e-07,0.0,8.624004288471098e-15,7.7671452025093854,101.92138605954236,90.24113731152111,208.5749969482422,133.59300231933594,216.34100341796875,133.4600067138672
53.300000000000004,4.119705523015325e-07,0.0,8.624004288471098e-15,7.7671452025093854,101.92138605954236,90.24113731152111,208.5749969482422,133.59300231933594,216.34100341796875,133.4600067138672
53.35,4.462829537253661e-07,0.0,8.624004288471098e-15,7.7671452025093854,101.92138605954236,90.24113731152111,208.5749969482422,133.59300231933594,216.34100341796875,133.4600067138672
53.400000000000006,0.0,0.0,8.624004288471098e-15,7.7671452025093854,101.92138605954236,90.24113731152111,208.5749969482422,133.59300231933594,216.34100341796875,133.4600067138672
53.45,3.439765569029444e-08,0.0,8.624004288471098e-15,7.7671452025093854,101.92138605954236,90.24113731152111,208.5749969482422,133.59300231933594,216.34100341796875,133.4600067138672
53.5,6.877111671037135e-08,0.0,8.624004288471098e-15,7.7671452025093854,101.92138605954236,90.24113731152111,208.5749969482422,133.59300231933594,216.34100341796875,133.4600067138672
53.550000000000004,2.403201903416849e-07,0.0,8.624004288471098e-15,7.7671452025093854,101.92138605954236,90.24113731152111,208.5749969482422,133.59300231933594,216.34100341796875,133.4600067138672
53.6,2.746544194940131e-07,0.0,8.624004288471098e-15,7.7671452025093854,101.92138605954236,90.24113731152111,208.5749969482422,133.59300231933594,216.34100341796875,133.4600067138672
53.650000000000006,3.089725524430558e-07,0.0,8.624004288471098e-15,7.7671452025093854,101.92138605954236,90.24113731152111,208.5749969482422,133.59300231933594,216.34100341796875,133.4600067138672
53.7,3.0896151824722735e-07,0.0,8.624004288471098e-15,7.7671452025093854,101.92138605954236,90.24113731152111,208.5749969482422,133.59300231933594,216.34100341796875,133.4600067138672
53.75,3.089602640929981e-07,0.0,8.624004288471098e-15,7.7671452025093854,101.92138605954236,90.24113731152111,208.5749969482422,133.59300231933594,216.34100341796875,133.4600067138672
53.800000000000004,3.0896879052267465e-07,0.0,8.624004288471098e-15,7.7671452025093854,101.92138605954236,90.24113731152111,208.5749969482422,133.59300231933594,216.34100341796875,133.4600067138672
53.85,3.434401650378999e-08,0.0,8.624004288471098e-15,7.7671452025093854,101.92138605954236,90.24113731152111,208.5749969482422,133.59300231933594,216.34100341796875,133.4600067138672
53.900000000000006,1.373221811657626e-07,0.0,8.624004288471098e-15,7.7671452025093854,101.92138605954236,90.24113731152111,208.5749969482422,133.59300231933594,216.34100341796875,133.4600067138672
53.95,2.746312941139637e-07,0.0,8.624004288471098e-15,7.7671452025093854,101.92138605954236,90.24113731152111,208.5749969482422,133.59300231933594,216.34100341796875,133.4600067138672
54.0,3.089660335517038e-07,0.0,8.624004288471098e-15,7.7671452025093854,101.92138605954236,90.24113731152111,208.5749969482422,133.59300231933594,216.34100341796875,133.4600067138672
54.050000000000004,3.0898183108880243e-07,0.0,8.624004288471098e-15,7.7671452025093854,101.92138605954236,90.24113731152111,208.5749969482422,133.59300231933594,216.34100341796875,133.4600067138672
54.1,3.4328851426605687e-07,0.0,8.624004288471098e-15,7.7671452025093854,101.92138605954236,90.24113731152111,208.5749969482422,133.59300231933594,216.34100341796875,133.4600067138672
54.150000000000006,3.776206193332565e-07,0.0,8.624004288471098e-15,7.7671452025093854,101.92138605954236,90.24113731152111,208.5749969482422,133.59300231933594,216.34100341796875,133.4600067138672
54.2,3.776186565455611e-07,0.0,8.624004288471098e-15,7.7671452025093854,101.92138605954236,90.24113731152111,208.5749969482422,133.59300231933594,216.34100341796875,133.4600067138672
54.25,6.001796633484223e-11,0.0,8.624004288471098e-15,7.7671452025093854,101.92138605954236,90.24113731152111,208.5749969482422,133.59300231933594,216.34100341796875,133.4600067138672
54.300000000000004,3.436626030243845e-08,0.0,8.624004288471098e-15,7.7671452025093854,101.92138605954236,90.24113731152111,208.5749969482422,133.59300231933594,216.34100341796875,133.4600067138672
54.35,6.869484040045846e-08,0.0,8.624004288471098e-15,7.7671452025093854,101.92138605954236,90.24113731152111,208.5749969482422,133.59300231933594,216.34100341796875,133.4600067138672
54.400000000000006,1.02997667047169e-07,0.0,8.624004288471098e-15,7.7671452025093854,101.92138605954236,90.24113731152111,208.5749969482422,133.59300231933594,216.34100341796875,133.4600067138672
54.45,1.373230637312358e-07,0.0,8.624004288471098e-15,7.7671452025093854,101.92138605954236,90.24113731152111,208.5749969482422,133.59300231933594,216.34100341796875,133.4600067138672
54.5,2.403043727819401e-07,0.0,8.624004288471098e-15,7.7671452025093854,101.92138605954236,90.24113731152111,208.5749969482422,133.59300231933594,216.34100341796875,133.4600067138672
54.550000000000004,3.089596064680023e-07,0.0,8.624004288471098e-15,7.7671452025093854,101.92138605954236,90.24113731152111,208.5749969482422,133.59300231933594,216.34100341796875,133.4600067138672
54.6,4.462751487146699e-07,0.0,8.624004288471098e-15,7.7671452025093854,101.92138605954236,90.24113731152111,208.5749969482422,133.59300231933594,216.34100341796875,133.4600067138672
54.650000000000006,4.462744346471469e-07,0.0,8.624004288471098e-15,7.7671452025093854,101.92138605954236,90.24113731152111,208.5749969482422,133.59300231933594,216.34100341796875,133.4600067138672
54.7,3.436597739690962e-08,0.0,8.624004288471098e-15,7.7671452025093854,101.92138605954236,90.24113731152111,208.5749969482422,133.59300231933594,216.34100341796875,133.4600067138672
54.75,1.7164803665261117e-07,0.0,8.624004288471098e-15,7.7671452025093854,101.92138605954236,90.24113731152111,208.5749969482422,133.59300231933594,216.34100341796875,133.4600067138672
54.800000000000004,3.089610027961121e-07,0.0,8.624004288471098e-15,7.7671452025093854,101.92138605954236,90.24113731152111,208.5749969482422,133.59300231933594,216.34100341796875,133.4600067138672
54.85,3.0897023025575777e-07,0.0,8.624004288471098e-15,7.7671452025093854,101.92138605954236,90.24113731152111,208.5749969482422,133.59300231933594,216.34100341796875,133.4600067138672
54.900000000000006,3.4331423126906755e-07,0.0,8.624004288471098e-15,7.7671452025093854,101.92138605954236,90.24113731152111,208.5749969482422,133.59300231933594,216.34100341796875,133.4600067138672
54.95,3.7762475213599166e-07,0.0,8.624004288471098e-15,7.7671452025093854,101.92138605954236,90.24113731152111,208.5749969482422,133.59300231933594,216.34100341796875,133.4600067138672
55.0,3.7761908141803015e-07,0.0,8.624004288471098e-15,7.7671452025093854,101.92138605954236,90.24113731152111,208.5749969482422,133.59300231933594,216.34100341796875,133.4600067138672
55.050000000000004,3.7761977428310455e-07,0.0,8.624004288471098e-15,7.7671452025093854,101.92138605954236,90.24113731152111,208.5749969482422,133.59300231933594,216.34100341796875,133.4600067138672
55.1,3.433182807796059e-08,0.0,8.624004288471098e-15,7.7671452025093854,101.92138605954236,90.24113731152111,208.5749969482422,133.59300231933594,216.34100341796875,133.4600067138672
55.150000000000006,6.868994212299374e-08,0.0,8.624004288471098e-15,7.7671452025093854,101.92138605954236,90.24113731152111,208.5749969482422,133.59300231933594,216.34100341796875,133.4600067138672
55.2,1.0307601793553202e-07,0.0,8.624004288471098e-15,7.7671452025093854,101.92138605954236,90.24113731152111,208.5749969482422,133.59300231933594,216.34100341796875,133.4600067138672
55.25,1.0302573556875834e-07,0.0,8.624004288471098e-15,7.7671452025093854,101.92138605954236,90.24113731152111,208.5749969482422,133.59300231933594,216.34100341796875,133.4600067138672
55.300000000000004,1.0299327447425408e-07,0.0,8.624004288471098e-15,7.7671452025093854,101.92138605954236,90.24113731152111,208.5749969482422,133.59300231933594,216.34100341796875,133.4600067138672
55.35,1.0299014808262628e-07,0.0,8.624004288471098e-15,7.7671452025093854,101.92138605954236,90.24113731152111,208.5749969482422,133.59300231933594,216.34100341796875,133.4600067138672
55.400000000000006,2.7463410374419237e-07,0.0,8.624004288471098e-15,7.7671452025093854,101.92138605954236,90.24113731152111,208.5749969482422,133.59300231933594,216.34100341796875,133.4600067138672
55.45,4.4627421114685705e-07,0.0,8.624004288471098e-15,7.7671452025093854,101.92138605954236,90.24113731152111,208.5749969482422,133.59300231933594,216.34100341796875,133.4600067138672
55.5,0.0,0.0,8.624004288471098e-15,7.7671452025093854,101.92138605954236,90.24113731152111,208.5749969482422,133.59300231933594,216.34100341796875,133.4600067138672
55.550000000000004,1.3731834799948694e-07,0.0,8.624004288471098e-15,7.7671452025093854,101.92138605954236,90.24113731152111,208.5749969482422,133.59300231933594,216.34100341796875,133.4600067138672
55.6,1.7164613521532143e-07,0.0,8.624004288471098e-15,7.7671452025093854,101.92138605954236,90.24113731152111,208.5749969482422,133.59300231933594,216.34100341796875,133.4600067138672
55.650000000000006,1.7166303539678863e-07,0.0,8.624004288471098e-15,7.7671452025093854,101.92138605954236,90.24113731152111,208.5749969482422,133.59300231933594,216.34100341796875,133.4600067138672
55.7,2.0598829729611205e-07,0.0,8.624004288471098e-15,7.7671452025093854,101.92138605954236,90.24113731152111,208.5749969482422,133.59300231933594,216.34100341796875,133.4600067138672
55.75,2.403367799168813e-07,0.0,8.624004288471098e-15,7.7671452025093854,101.92138605954236,90.24113731152111,208.5749969482422,133.59300231933594,216.34100341796875,133.4600067138672
55.800000000000004,2.4031627818249496e-07,0.0,8.624004288471098e-15,7.7671452025093854,101.92138605954236,90.24113731152111,208.5749969482422,133.59300231933594,216.34100341796875,133.4600067138672
55.85,2.4030363544032664e-07,0.0,8.624004288471098e-15,7.7671452025093854,101.92138605954236,90.24113731152111,208.5749969482422,133.59300231933594,216.34100341796875,133.4600067138672
55.900000000000006,2.403035672970375e-07,0.0,8.624004288471098e-15,7.7671452025093854,101.92138605954236,90.24113731152111,208.5749969482422,133.59300231933594,216.34100341796875,133.4600067138672
55.95,3.43962285855629e-08,0.0,8.624004288471098e-15,7.7671452025093854,101.92138605954236,90.24113731152111,208.5749969482422,133.59300231933594,216.34100341796875,133.4600067138672
56.0,1.3733841452944893e-07,0.0,8.624004288471098e-15,7.7671452025093854,101.92138605954236,90.24113731152111,208.5749969482422,133.59300231933594,216.34100341796875,133.4600067138672
56.050000000000004,2.7463141340610593e-07,0.0,8.624004288471098e-15,7.7671452025093854,101.92138605954236,90.24113731152111,208.5749969482422,133.59300231933594,216.34100341796875,133.4600067138672
56.1,3.089606561422275e-07,0.0,8.624004288471098e-15,7.7671452025093854,101.92138605954236,90.24113731152111,208.5749969482422,133.59300231933594,216.34100341796875,133.4600067138672
56.150000000000006,3.0896132615819105e-07,0.0,8.624004288471098e-15,7.7671452025093854,101.92138605954236,90.24113731152111,208.5749969482422,133.59300231933594,216.34100341796875,133.4600067138672
56.2,3.0897177527985384e-07,0.0,8.624004288471098e-15,7.7671452025093854,101.92138605954236,90.24113731152111,208.5749969482422,133.59300231933594,216.34100341796875,133.4600067138672
56.25,3.089920036641465e-07,0.0,8.624004288471098e-15,7.7671452025093854,101.92138605954236,90.24113731152111,208.5749969482422,133.59300231933594,216.34100341796875,133.4600067138672
56.300000000000004,3.432890112386799e-07,0.0,8.624004288471098e-15,7.7671452025093854,101.92138605954236,90.24113731152111,208.5749969482422,133.59300231933594,216.34100341796875,133.4600067138672
56.35,6.001796633484223e-11,0.0,8.624004288471098e-15,7.7671452025093854,101.92138605954236,90.24113731152111,208.5749969482422,133.59300231933594,216.34100341796875,133.4600067138672
56.400000000000006,6.865884871931648e-08,0.0,8.624004288471098e-15,7.7671452025093854,101.92138605954236,90.24113731152111,208.5749969482422,133.59300231933594,216.34100341796875,133.4600067138672
56.45,1.3732030009275531e-07,0.0,8.624004288471098e-15,7.7671452025093854,101.92138605954236,90.24113731152111,208.5749969482422,133.59300231933594,216.34100341796875,133.4600067138672
56.5,2.0597351817635616e-07,0.0,8.624004288471098e-15,7.7671452025093854,101.92138605954236,90.24113731152111,208.5749969482422,133.59300231933594,216.34100341796875,133.4600067138672
56.550000000000004,2.4032340377621526e-07,0.0,8.624004288471098e-15,7.7671452025093854,101.92138605954236,90.24113731152111,208.5749969482422,133.59300231933594,216.34100341796875,133.4600067138672
56.6,2.403068297404258e-07,0.0,8.624004288471098e-15,7.7671452025093854,101.92138605954236,90.24113731152111,208.5749969482422,133.59300231933594,216.34100341796875,133.4600067138672
56.650000000000006,3.776184846769388e-07,0.0,8.624004288471098e-15,7.7671452025093854,101.92138605954236,90.24113731152111,208.5749969482422,133.59300231933594,216.34100341796875,133.4600067138672
56.7,5.492636422301309e-07,0.0,8.624004288471098e-15,7.7671452025093854,101.92138605954236,90.24113731152111,208.5749969482422,133.59300231933594,216.34100341796875,133.4600067138672
56.75,6.865868515300678e-07,0.0,8.624004288471098e-15,7.7671452025093854,101.92138605954236,90.24113731152111,208.5749969482422,133.59300231933594,216.34100341796875,133.4600067138672
56.800000000000004,1.0299108205497586e-07,0.0,8.624004288471098e-15,7.7671452025093854,101.92138605954236,90.24113731152111,208.5749969482422,133.59300231933594,216.34100341796875,133.4600067138672
56.85,1.716498830341995e-07,0.0,8.624004288471098e-15,7.7671452025093854,101.92138605954236,90.24113731152111,208.5749969482422,133.59300231933594,216.34100341796875,133.4600067138672
56.900000000000006,2.0597746512348418e-07,0.0,8.624004288471098e-15,7.7671452025093854,101.92138605954236,90.24113731152111,208.5749969482422,133.59300231933594,216.34100341796875,133.4600067138672
56.95,2.4030193926217856e-07,0.0,8.624004288471098e-15,7.7671452025093854,101.92138605954236,90.24113731152111,208.5749969482422,133.59300231933594,216.34100341796875,133.4600067138672
57.0,2.7463727044063826e-07,0.0,8.624004288471098e-15,7.7671452025093854,101.92138605954236,90.24113731152111,208.5749969482422,133.59300231933594,216.34100341796875,133.4600067138672
57.050000000000004,3.089721891245705e-07,0.0,8.624004288471098e-15,7.7671452025093854,101.92138605954236,90.24113731152111,208.5749969482422,133.59300231933594,216.34100341796875,133.4600067138672
57.1,3.0896158667019107e-07,0.0,8.624004288471098e-15,7.7671452025093854,101.92138605954236,90.24113731152111,208.5749969482422,133.59300231933594,216.34100341796875,133.4600067138672
57.150000000000006,3.089604392015037e-07,0.0,8.624004288471098e-15,7.7671452025093854,101.92138605954236,90.24113731152111,208.5749969482422,133.59300231933594,216.34100341796875,133.4600067138672
57.2,6.865814215221036e-08,0.0,8.624004288471098e-15,7.7671452025093854,101.92138605954236,90.24113731152111,208.5749969482422,133.59300231933594,216.34100341796875,133.4600067138672
57.25,1.7164443321455446e-07,0.0,8.624004288471098e-15,7.7671452025093854,101.92138605954236,90.24113731152111,208.5749969482422,133.59300231933594,216.34100341796875,133.4600067138672
57.300000000000004,1.7165545204640873e-07,0.0,8.624004288471098e-15,7.7671452025093854,101.92138605954236,90.24113731152111,208.5749969482422,133.59300231933594,216.34100341796875,133.4600067138672
57.35,2.059820544557518e-07,0.0,8.624004288471098e-15,7.7671452025093854,101.92138605954236,90.24113731152111,208.5749969482422,133.59300231933594,216.34100341796875,133.4600067138672
57.400000000000006,2.4030429753763693e-07,0.0,8.624004288471098e-15,7.7671452025093854,101.92138605954236,90.24113731152111,208.5749969482422,133.59300231933594,216.34100341796875,133.4600067138672
57.45,2.4030268350357823e-07,0.0,8.624004288471098e-15,7.7671452025093854,101.92138605954236,90.24113731152111,208.5749969482422,133.59300231933594,216.34100341796875,133.4600067138672
57.5,3.776184728998272e-07,0.0,8.624004288471098e-15,7.7671452025093854,101.92138605954236,90.24113731152111,208.5749969482422,133.59300231933594,216.34100341796875,133.4600067138672
57.550000000000004,4.4627620072981706e-07,0.0,8.624004288471098e-15,7.7671452025093854,101.92138605954236,90.24113731152111,208.5749969482422,133.59300231933594,216.34100341796875,133.4600067138672
57.6,0.0,0.0,8.624004288471098e-15,7.7671452025093854,101.92138605954236,90.24113731152111,208.5749969482422,133.59300231933594,216.34100341796875,133.4600067138672
57.650000000000006,3.435789585012387e-08,0.0,8.624004288471098e-15,7.7671452025093854,101.92138605954236,90.24113731152111,208.5749969482422,133.59300231933594,216.34100341796875,133.4600067138672
57.7,3.4329354756387494e-08,0.0,8.624004288471098e-15,7.7671452025093854,101.92138605954236,90.24113731152111,208.5749969482422,133.59300231933594,216.34100341796875,133.4600067138672
57.75,1.0299854240355994e-07,0.0,8.624004288471098e-15,7.7671452025093854,101.92138605954236,90.24113731152111,208.5749969482422,133.59300231933594,216.34100341796875,133.4600067138672
57.800000000000004,1.0298680720964299e-07,0.0,8.624004288471098e-15,7.7671452025093854,101.92138605954236,90.24113731152111,208.5749969482422,133.59300231933594,216.34100341796875,133.4600067138672
57.85,2.059732885938502e-07,0.0,8.624004288471098e-15,7.7671452025093854,101.92138605954236,90.24113731152111,208.5749969482422,133.59300231933594,216.34100341796875,133.4600067138672
57.900000000000006,3.4328916887044314e-07,0.0,8.624004288471098e-15,7.7671452025093854,101.92138605954236,90.24113731152111,208.5749969482422,133.59300231933594,216.34100341796875,133.4600067138672
57.95,3.776198197903526e-07,0.0,8.624004288471098e-15,7.7671452025093854,101.92138605954236,90.24113731152111,208.5749969482422,133.59300231933594,216.34100341796875,133.4600067138672
58.0,3.7762838447183164e-07,0.0,8.624004288471098e-15,7.7671452025093854,101.92138605954236,90.24113731152111,208.5749969482422,133.59300231933594,216.34100341796875,133.4600067138672
58.050000000000004,3.434401650378999e-08,0.0,8.624004288471098e-15,7.7671452025093854,101.92138605954236,90.24113731152111,208.5749969482422,133.59300231933594,216.34100341796875,133.4600067138672
58.1,3.4346446188291505e-08,0.0,8.624004288471098e-15,7.7671452025093854,101.92138605954236,90.24113731152111,208.5749969482422,133.59300231933594,216.34100341796875,133.4600067138672
58.150000000000006,6.866049526329022e-08,0.0,8.624004288471098e-15,7.7671452025093854,101.92138605954236,90.24113731152111,208.5749969482422,133.59300231933594,216.34100341796875,133.4600067138672
58.2,1.716540525334356e-07,0.0,8.624004288471098e-15,7.7671452025093854,101.92138605954236,90.24113731152111,208.5749969482422,133.59300231933594,216.34100341796875,133.4600067138672
58.25,1.7164426355114753e-07,0.0,8.624004288471098e-15,7.7671452025093854,101.92138605954236,90.24113731152111,208.5749969482422,133.59300231933594,216.34100341796875,133.4600067138672
58.300000000000004,2.7463076191333633e-07,0.0,8.624004288471098e-15,7.7671452025093854,101.92138605954236,90.24113731152111,208.5749969482422,133.59300231933594,216.34100341796875,133.4600067138672
58.35,4.119452886606802e-07,0.0,8.624004288471098e-15,7.7671452025093854,101.92138605954236,90.24113731152111,208.5749969482422,133.59300231933594,216.34100341796875,133.4600067138672
58.400000000000006,4.462747636564685e-07,0.0,8.624004288471098e-15,7.7671452025093854,101.92138605954236,90.24113731152111,208.5749969482422,133.59300231933594,216.34100341796875,133.4600067138672
58.45,6.001796633484223e-11,0.0,8.624004288471098e-15,7.7671452025093854,101.92138605954236,90.24113731152111,208.5749969482422,133.59300231933594,216.34100341796875,133.4600067138672
58.5,3.436626030243845e-08,0.0,8.624004288471098e-15,7.7671452025093854,101.92138605954236,90.24113731152111,208.5749969482422,133.59300231933594,216.34100341796875,133.4600067138672
58.550000000000004,2.059734137645774e-07,0.0,8.624004288471098e-15,7.7671452025093854,101.92138605954236,90.24113731152111,208.5749969482422,133.59300231933594,216.34100341796875,133.4600067138672
58.6,2.403071998007175e-07,0.0,8.624004288471098e-15,7.7671452025093854,101.92138605954236,90.24113731152111,208.5749969482422,133.59300231933594,216.34100341796875,133.4600067138672
58.650000000000006,2.7463512335866453e-07,0.0,8.624004288471098e-15,7.7671452025093854,101.92138605954236,90.24113731152111,208.5749969482422,133.59300231933594,216.34100341796875,133.4600067138672
58.7,3.089598880253121e-07,0.0,8.624004288471098e-15,7.7671452025093854,101.92138605954236,90.24113731152111,208.5749969482422,133.59300231933594,216.34100341796875,133.4600067138672
58.75,3.432948190883754e-07,0.0,8.624004288471098e-15,7.7671452025093854,101.92138605954236,90.24113731152111,208.5749969482422,133.59300231933594,216.34100341796875,133.4600067138672
58.800000000000004,3.776273513609375e-07,0.0,8.624004288471098e-15,7.7671452025093854,101.92138605954236,90.24113731152111,208.5749969482422,133.59300231933594,216.34100341796875,133.4600067138672
58.85,3.776195251167013e-07,0.0,8.624004288471098e-15,7.7671452025093854,101.92138605954236,90.24113731152111,208.5749969482422,133.59300231933594,216.34100341796875,133.4600067138672
58.900000000000006,3.436597739690962e-08,0.0,8.624004288471098e-15,7.7671452025093854,101.92138605954236,90.24113731152111,208.5749969482422,133.59300231933594,216.34100341796875,133.4600067138672
58.95,6.865869784111948e-08,0.0,8.624004288471098e-15,7.7671452025093854,101.92138605954236,90.24113731152111,208.5749969482422,133.59300231933594,216.34100341796875,133.4600067138672
59.0,1.0304284964816879e-07,0.0,8.624004288471098e-15,7.7671452025093854,101.92138605954236,90.24113731152111,208.5749969482422,133.59300231933594,216.34100341796875,133.4600067138672
59.050000000000004,1.373246391482511e-07,0.0,8.624004288471098e-15,7.7671452025093854,101.92138605954236,90.24113731152111,208.5749969482422,133.59300231933594,216.34100341796875,133.4600067138672
59.1,2.746706923862068e-07,0.0,8.624004288471098e-15,7.7671452025093854,101.92138605954236,90.24113731152111,208.5749969482422,133.59300231933594,216.34100341796875,133.4600067138672
59.150000000000006,4.462906956997223e-07,0.0,8.624004288471098e-15,7.7671452025093854,101.92138605954236,90.24113731152111,208.5749969482422,133.59300231933594,216.34100341796875,133.4600067138672
59.2,4.806067571142995e-07,0.0,8.624004288471098e-15,7.7671452025093854,101.92138605954236,90.24113731152111,208.5749969482422,133.59300231933594,216.34100341796875,133.4600067138672
59.25,5.149552692497931e-07,0.0,8.624004288471098e-15,7.7671452025093854,101.92138605954236,90.24113731152111,208.5749969482422,133.59300231933594,216.34100341796875,133.4600067138672
59.300000000000004,3.433182807796059e-08,0.0,8.624004288471098e-15,7.7671452025093854,101.92138605954236,90.24113731152111,208.5749969482422,133.59300231933594,216.34100341796875,133.4600067138672
59.35,3.439801235004361e-08,0.0,8.624004288471098e-15,7.7671452025093854,101.92138605954236,90.24113731152111,208.5749969482422,133.59300231933594,216.34100341796875,133.4600067138672
59.400000000000006,3.4551775640071076e-08,0.0,8.624004288471098e-15,7.7671452025093854,101.92138605954236,90.24113731152111,208.5749969482422,133.59300231933594,216.34100341796875,133.4600067138672
59.45,6.865854295629968e-08,0.0,8.624004288471098e-15,7.7671452025093854,101.92138605954236,90.24113731152111,208.5749969482422,133.59300231933594,216.34100341796875,133.4600067138672
59.5,2.4032391604579006e-07,0.0,8.624004288471098e-15,7.7671452025093854,101.92138605954236,90.24113731152111,208.5749969482422,133.59300231933594,216.34100341796875,133.4600067138672
59.550000000000004,3.0896643407218725e-07,0.0,8.624004288471098e-15,7.7671452025093854,101.92138605954236,90.24113731152111,208.5749969482422,133.59300231933594,216.34100341796875,133.4600067138672
59.6,3.776192595129885e-07,0.0,8.624004288471098e-15,7.7671452025093854,101.92138605954236,90.24113731152111,208.5749969482422,133.59300231933594,216.34100341796875,133.4600067138672
59.650000000000006,3.7762709897678927e-07,0.0,8.624004288471098e-15,7.7671452025093854,101.92138605954236,90.24113731152111,208.5749969482422,133.59300231933594,216.34100341796875,133.4600067138672
59.7,0.0,0.0,8.624004288471098e-15,7.7671452025093854,101.92138605954236,90.24113731152111,208.5749969482422,133.59300231933594,216.34100341796875,133.4600067138672
59.75,1.7164625099301135e-07,0.0,8.624004288471098e-15,7.7671452025093854,101.92138605954236,90.24113731152111,208.5749969482422,133.59300231933594,216.34100341796875,133.4600067138672
59.800000000000004,1.7164855079410518e-07,0.0,8.624004288471098e-15,7.7671452025093854,101.92138605954236,90.24113731152111,208.5749969482422,133.59300231933594,216.34100341796875,133.4600067138672
59.85,1.7166923148772445e-07,0.0,8.624004288471098e-15,7.7671452025093854,101.92138605954236,90.24113731152111,208.5749969482422,133.59300231933594,216.34100341796875,133.4600067138672
59.900000000000006,2.0597543005450656e-07,0.0,8.624004288471098e-15,7.7671452025093854,101.92138605954236,90.24113731152111,208.5749969482422,133.59300231933594,216.34100341796875,133.4600067138672
59.95,2.403018509811052e-07,0.0,8.624004288471098e-15,7.7671452025093854,101.92138605954236,90.24113731152111,208.5749969482422,133.59300231933594,216.34100341796875,133.4600067138672
60.0,2.403071159185446e-07,0.0,8.624004288471098e-15,7.7671452025093854,101.92138605954236,90.24113731152111,208.5749969482422,133.59300231933594,216.34100341796875,133.4600067138672
60.050000000000004,2.403138847688716e-07,0.0,8.624004288471098e-15,7.7671452025093854,101.92138605954236,90.24113731152111,208.5749969482422,133.59300231933594,216.34100341796875,133.4600067138672
60.1,2.4030298796138137e-07,0.0,8.624004288471098e-15,7.7671452025093854,101.92138605954236,90.24113731152111,208.5749969482422,133.59300231933594,216.34100341796875,133.4600067138672
60.150000000000006,3.434401650378999e-08,0.0,8.624004288471098e-15,7.7671452025093854,101.92138605954236,90.24113731152111,208.5749969482422,133.59300231933594,216.34100341796875,133.4600067138672
60.2,3.4345489372690925e-08,0.0,8.624004288471098e-15,7.7671452025093854,101.92138605954236,90.24113731152111,208.5749969482422,133.59300231933594,216.34100341796875,133.4600067138672
60.25,1.0298668087409409e-07,0.0,8.624004288471098e-15,7.7671452025093854,101.92138605954236,90.24113731152111,208.5749969482422,133.59300231933594,216.34100341796875,133.4600067138672
60.300000000000004,1.716446093019417e-07,0.0,8.624004288471098e-15,7.7671452025093854,101.92138605954236,90.24113731152111,208.5749969482422,133.59300231933594,216.34100341796875,133.4600067138672
60.35,2.403021130178599e-07,0.0,8.624004288471098e-15,7.7671452025093854,101.92138605954236,90.24113731152111,208.5749969482422,133.59300231933594,216.34100341796875,133.4600067138672
60.400000000000006,2.403070851610837e-07,0.0,8.624004288471098e-15,7.7671452025093854,101.92138605954236,90.24113731152111,208.5749969482422,133.59300231933594,216.34100341796875,133.4600067138672
60.45,2.4030236398249617e-07,0.0,8.624004288471098e-15,7.7671452025093854,101.92138605954236,90.24113731152111,208.5749969482422,133.59300231933594,216.34100341796875,133.4600067138672
60.5,2.746330563638823e-07,0.0,8.624004288471098e-15,7.7671452025093854,101.92138605954236,90.24113731152111,208.5749969482422,133.59300231933594,216.34100341796875,133.4600067138672
60.550000000000004,6.001796633484223e-11,0.0,8.624004288471098e-15,7.7671452025093854,101.92138605954236,90.24113731152111,208.5749969482422,133.59300231933594,216.34100341796875,133.4600067138672
60.6,1.0299106199032518e-07,0.0,8.624004288471098e-15,7.7671452025093854,101.92138605954236,90.24113731152111,208.5749969482422,133.59300231933594,216.34100341796875,133.4600067138672
60.650000000000006,1.7164486326816495e-07,0.0,8.624004288471098e-15,7.7671452025093854,101.92138605954236,90.24113731152111,208.5749969482422,133.59300231933594,216.34100341796875,133.4600067138672
60.7,1.7164829305796552e-07,0.0,8.624004288471098e-15,7.7671452025093854,101.92138605954236,90.24113731152111,208.5749969482422,133.59300231933594,216.34100341796875,133.4600067138672
60.75,2.0597624952269026e-07,0.0,8.624004288471098e-15,7.7671452025093854,101.92138605954236,90.24113731152111,208.5749969482422,133.59300231933594,216.34100341796875,133.4600067138672
60.800000000000004,2.4030902992225555e-07,0.0,8.624004288471098e-15,7.7671452025093854,101.92138605954236,90.24113731152111,208.5749969482422,133.59300231933594,216.34100341796875,133.4600067138672
60.85,2.4030193880734426e-07,0.0,8.624004288471098e-15,7.7671452025093854,101.92138605954236,90.24113731152111,208.5749969482422,133.59300231933594,216.34100341796875,133.4600067138672
60.900000000000006,3.0896110361455984e-07,0.0,8.624004288471098e-15,7.7671452025093854,101.92138605954236,90.24113731152111,208.5749969482422,133.59300231933594,216.34100341796875,133.4600067138672
60.95,4.806036851440269e-07,0.0,8.624004288471098e-15,7.7671452025093854,101.92138605954236,90.24113731152111,208.5749969482422,133.59300231933594,216.34100341796875,133.4600067138672
61.0,1.0298676049495168e-07,0.0,8.624004288471098e-15,7.7671452025093854,101.92138605954236,90.24113731152111,208.5749969482422,133.59300231933594,216.34100341796875,133.4600067138672
61.050000000000004,1.3732614117005267e-07,0.0,8.624004288471098e-15,7.7671452025093854,101.92138605954236,90.24113731152111,208.5749969482422,133.59300231933594,216.34100341796875,133.4600067138672
61.1,1.7164622301319613e-07,0.0,8.624004288471098e-15,7.7671452025093854,101.92138605954236,90.24113731152111,208.5749969482422,133.59300231933594,216.34100341796875,133.4600067138672
61.150000000000006,2.0597404495768826e-07,0.0,8.624004288471098e-15,7.7671452025093854,101.92138605954236,90.24113731152111,208.5749969482422,133.59300231933594,216.34100341796875,133.4600067138672
61.2,3.432886118953509e-07,0.0,8.624004288471098e-15,7.7671452025093854,101.92138605954236,90.24113731152111,208.5749969482422,133.59300231933594,216.34100341796875,133.4600067138672
61.25,3.7762100909707805e-07,0.0,8.624004288471098e-15,7.7671452025093854,101.92138605954236,90.24113731152111,208.5749969482422,133.59300231933594,216.34100341796875,133.4600067138672
61.300000000000004,4.1194665660486186e-07,0.0,8.624004288471098e-15,7.7671452025093854,101.92138605954236,90.24113731152111,208.5749969482422,133.59300231933594,216.34100341796875,133.4600067138672
61.35,4.4627405264465705e-07,0.0,8.624004288471098e-15,7.7671452025093854,101.92138605954236,90.24113731152111,208.5749969482422,133.59300231933594,216.34100341796875,133.4600067138672
61.400000000000006,6.8670400596167e-08,0.0,8.624004288471098e-15,7.7671452025093854,101.92138605954236,90.24113731152111,208.5749969482422,133.59300231933594,216.34100341796875,133.4600067138672
61.45,1.0298802066880496e-07,0.0,8.624004288471098e-15,7.7671452025093854,101.92138605954236,90.24113731152111,208.5749969482422,133.59300231933594,216.34100341796875,133.4600067138672
61.5,1.3732043068615835e-07,0.0,8.624004288471098e-15,7.7671452025093854,101.92138605954236,90.24113731152111,208.5749969482422,133.59300231933594,216.34100341796875,133.4600067138672
61.550000000000004,3.089605469963382e-07,0.0,8.624004288471098e-15,7.7671452025093854,101.92138605954236,90.24113731152111,208.5749969482422,133.59300231933594,216.34100341796875,133.4600067138672
61.6,3.089619301111597e-07,0.0,8.624004288471098e-15,7.7671452025093854,101.92138605954236,90.24113731152111,208.5749969482422,133.59300231933594,216.34100341796875,133.4600067138672
61.650000000000006,3.432891877153334e-07,0.0,8.624004288471098e-15,7.7671452025093854,101.92138605954236,90.24113731152111,208.5749969482422,133.59300231933594,216.34100341796875,133.4600067138672
61.7,3.7761841870710463e-07,0.0,8.624004288471098e-15,7.7671452025093854,101.92138605954236,90.24113731152111,208.5749969482422,133.59300231933594,216.34100341796875,133.4600067138672
61.75,4.806037745174405e-07,0.0,8.624004288471098e-15,7.7671452025093854,101.92138605954236,90.24113731152111,208.5749969482422,133.59300231933594,216.34100341796875,133.4600067138672
61.800000000000004,0.0,0.0,8.624004288471098e-15,7.7671452025093854,101.92138605954236,90.24113731152111,208.5749969482422,133.59300231933594,216.34100341796875,133.4600067138672
61.85,6.865896868298989e-08,0.0,8.624004288471098e-15,7.7671452025093854,101.92138605954236,90.24113731152111,208.5749969482422,133.59300231933594,216.34100341796875,133.4600067138672
61.900000000000006,1.029892093948616e-07,0.0,8.624004288471098e-15,7.7671452025093854,101.92138605954236,90.24113731152111,208.5749969482422,133.59300231933594,216.34100341796875,133.4600067138672
61.95,1.7164450162237677e-07,0.0,8.624004288471098e-15,7.7671452025093854,101.92138605954236,90.24113731152111,208.5749969482422,133.59300231933594,216.34100341796875,133.4600067138672
62.0,3.0896028353893154e-07,0.0,8.624004288471098e-15,7.7671452025093854,101.92138605954236,90.24113731152111,208.5749969482422,133.59300231933594,216.34100341796875,133.4600067138672
62.050000000000004,3.089612542465166e-07,0.0,8.624004288471098e-15,7.7671452025093854,101.92138605954236,90.24113731152111,208.5749969482422,133.59300231933594,216.34100341796875,133.4600067138672
62.1,3.4329881431949807e-07,0.0,8.624004288471098e-15,7.7671452025093854,101.92138605954236,90.24113731152111,208.5749969482422,133.59300231933594,216.34100341796875,133.4600067138672
62.150000000000006,3.776238210512035e-07,0.0,8.624004288471098e-15,7.7671452025093854,101.92138605954236,90.24113731152111,208.5749969482422,133.59300231933594,216.34100341796875,133.4600067138672
62.2,3.7761856896313275e-07,0.0,8.624004288471098e-15,7.7671452025093854,101.92138605954236,90.24113731152111,208.5749969482422,133.59300231933594,216.34100341796875,133.4600067138672
62.25,3.434401650378999e-08,0.0,8.624004288471098e-15,7.7671452025093854,101.92138605954236,90.24113731152111,208.5749969482422,133.59300231933594,216.34100341796875,133.4600067138672
62.300000000000004,1.373221811657626e-07,0.0,8.624004288471098e-15,7.7671452025093854,101.92138605954236,90.24113731152111,208.5749969482422,133.59300231933594,216.34100341796875,133.4600067138672
62.35,2.4030875952699665e-07,0.0,8.624004288471098e-15,7.7671452025093854,101.92138605954236,90.24113731152111,208.5749969482422,133.59300231933594,216.34100341796875,133.4600067138672
62.400000000000006,2.403020994580436e-07,0.0,8.624004288471098e-15,7.7671452025093854,101.92138605954236,90.24113731152111,208.5749969482422,133.59300231933594,216.34100341796875,133.4600067138672
62.45,2.403058877970081e-07,0.0,8.624004288471098e-15,7.7671452025093854,101.92138605954236,90.24113731152111,208.5749969482422,133.59300231933594,216.34100341796875,133.4600067138672
62.5,2.403222505086796e-07,0.0,8.624004288471098e-15,7.7671452025093854,101.92138605954236,90.24113731152111,208.5749969482422,133.59300231933594,216.34100341796875,133.4600067138672
62.550000000000004,2.74631621902761e-07,0.0,8.624004288471098e-15,7.7671452025093854,101.92138605954236,90.24113731152111,208.5749969482422,133.59300231933594,216.34100341796875,133.4600067138672
62.6,3.0898276198962667e-07,0.0,8.624004288471098e-15,7.7671452025093854,101.92138605954236,90.24113731152111,208.5749969482422,133.59300231933594,216.34100341796875,133.4600067138672
62.650000000000006,6.001796633484223e-11,0.0,8.624004288471098e-15,7.7671452025093854,101.92138605954236,90.24113731152111,208.5749969482422,133.59300231933594,216.34100341796875,133.4600067138672
62.7,3.436626030243845e-08,0.0,8.624004288471098e-15,7.7671452025093854,101.92138605954236,90.24113731152111,208.5749969482422,133.59300231933594,216.34100341796875,133.4600067138672
62.75,1.030217694602301e-07,0.0,8.624004288471098e-15,7.7671452025093854,101.92138605954236,90.24113731152111,208.5749969482422,133.59300231933594,216.34100341796875,133.4600067138672
62.800000000000004,2.746363211351642e-07,0.0,8.624004288471098e-15,7.7671452025093854,101.92138605954236,90.24113731152111,208.5749969482422,133.59300231933594,216.34100341796875,133.4600067138672
62.85,3.0898222095280556e-07,0.0,8.624004288471098e-15,7.7671452025093854,101.92138605954236,90.24113731152111,208.5749969482422,133.59300231933594,216.34100341796875,133.4600067138672
62.900000000000006,3.089679016501524e-07,0.0,8.624004288471098e-15,7.7671452025093854,101.92138605954236,90.24113731152111,208.5749969482422,133.59300231933594,216.34100341796875,133.4600067138672
62.95,3.0896002692190237e-07,0.0,8.624004288471098e-15,7.7671452025093854,101.92138605954236,90.24113731152111,208.5749969482422,133.59300231933594,216.34100341796875,133.4600067138672
63.0,3.0896193269153994e-07,0.0,8.624004288471098e-15,7.7671452025093854,101.92138605954236,90.24113731152111,208.5749969482422,133.59300231933594,216.34100341796875,133.4600067138672
63.050000000000004,3.0897361885750724e-07,0.0,8.624004288471098e-15,7.7671452025093854,101.92138605954236,90.24113731152111,208.5749969482422,133.59300231933594,216.34100341796875,133.4600067138672
63.1,3.436597739690962e-08,0.0,8.624004288471098e-15,7.7671452025093854,101.92138605954236,90.24113731152111,208.5749969482422,133.59300231933594,216.34100341796875,133.4600067138672
63.150000000000006,3.449047392663919e-08,0.0,8.624004288471098e-15,7.7671452025093854,101.92138605954236,90.24113731152111,208.5749969482422,133.59300231933594,216.34100341796875,133.4600067138672
63.2,6.866012122771067e-08,0.0,8.624004288471098e-15,7.7671452025093854,101.92138605954236,90.24113731152111,208.5749969482422,133.59300231933594,216.34100341796875,133.4600067138672
63.25,1.7171759098921335e-07,0.0,8.624004288471098e-15,7.7671452025093854,101.92138605954236,90.24113731152111,208.5749969482422,133.59300231933594,216.34100341796875,133.4600067138672
63.300000000000004,2.403125896380745e-07,0.0,8.624004288471098e-15,7.7671452025093854,101.92138605954236,90.24113731152111,208.5749969482422,133.59300231933594,216.34100341796875,133.4600067138672
63.35,3.7764033094358117e-07,0.0,8.624004288471098e-15,7.7671452025093854,101.92138605954236,90.24113731152111,208.5749969482422,133.59300231933594,216.34100341796875,133.4600067138672
63.400000000000006,4.4630277037025706e-07,0.0,8.624004288471098e-15,7.7671452025093854,101.92138605954236,90.24113731152111,208.5749969482422,133.59300231933594,216.34100341796875,133.4600067138672
63.45,4.806059243465705e-07,0.0,8.624004288471098e-15,7.7671452025093854,101.92138605954236,90.24113731152111,208.5749969482422,133.59300231933594,216.34100341796875,133.4600067138672
63.5,3.433182807796059e-08,0.0,8.624004288471098e-15,7.7671452025093854,101.92138605954236,90.24113731152111,208.5749969482422,133.59300231933594,216.34100341796875,133.4600067138672
63.550000000000004,1.3731773548238275e-07,0.0,8.624004288471098e-15,7.7671452025093854,101.92138605954236,90.24113731152111,208.5749969482422,133.59300231933594,216.34100341796875,133.4600067138672
63.6,1.7164756264846063e-07,0.0,8.624004288471098e-15,7.7671452025093854,101.92138605954236,90.24113731152111,208.5749969482422,133.59300231933594,216.34100341796875,133.4600067138672
63.650000000000006,1.7164520592931116e-07,0.0,8.624004288471098e-15,7.7671452025093854,101.92138605954236,90.24113731152111,208.5749969482422,133.59300231933594,216.34100341796875,133.4600067138672
63.7,2.0598569122578578e-07,0.0,8.624004288471098e-15,7.7671452025093854,101.92138605954236,90.24113731152111,208.5749969482422,133.59300231933594,216.34100341796875,133.4600067138672
63.75,3.776191998293735e-07,0.0,8.624004288471098e-15,7.7671452025093854,101.92138605954236,90.24113731152111,208.5749969482422,133.59300231933594,216.34100341796875,133.4600067138672
63.800000000000004,3.776203326303119e-07,0.0,8.624004288471098e-15,7.7671452025093854,101.92138605954236,90.24113731152111,208.5749969482422,133.59300231933594,216.34100341796875,133.4600067138672
63.85,4.119450287937239e-07,0.0,8.624004288471098e-15,7.7671452025093854,101.92138605954236,90.24113731152111,208.5749969482422,133.59300231933594,216.34100341796875,133.4600067138672
63.900000000000006,0.0,0.0,8.624004288471098e-15,7.7671452025093854,101.92138605954236,90.24113731152111,208.5749969482422,133.59300231933594,216.34100341796875,133.4600067138672
63.95,3.435789599800701e-08,0.0,8.624004288471098e-15,7.7671452025093854,101.92138605954236,90.24113731152111,208.5749969482422,133.59300231933594,216.34100341796875,133.4600067138672
64.0,3.4329354756387494e-08,0.0,8.624004288471098e-15,7.7671452025093854,101.92138605954236,90.24113731152111,208.5749969482422,133.59300231933594,216.34100341796875,133.4600067138672
64.05,1.3731607498313173e-07,0.0,8.624004288471098e-15,7.7671452025093854,101.92138605954236,90.24113731152111,208.5749969482422,133.59300231933594,216.34100341796875,133.4600067138672
64.10000000000001,2.7463159568350157e-07,0.0,8.624004288471098e-15,7.7671452025093854,101.92138605954236,90.24113731152111,208.5749969482422,133.59300231933594,216.34100341796875,133.4600067138672
64.15,3.0896130323335874e-07,0.0,8.624004288471098e-15,7.7671452025093854,101.92138605954236,90.24113731152111,208.5749969482422,133.59300231933594,216.34100341796875,133.4600067138672
64.2,3.089717704169815e-07,0.0,8.624004288471098e-15,7.7671452025093854,101.92138605954236,90.24113731152111,208.5749969482422,133.59300231933594,216.34100341796875,133.4600067138672
64.25,3.4328940722391286e-07,0.0,8.624004288471098e-15,7.7671452025093854,101.92138605954236,90.24113731152111,208.5749969482422,133.59300231933594,216.34100341796875,133.4600067138672
64.3,3.776250832188622e-07,0.0,8.624004288471098e-15,7.7671452025093854,101.92138605954236,90.24113731152111,208.5749969482422,133.59300231933594,216.34100341796875,133.4600067138672
64.35000000000001,3.434401650378999e-08,0.0,8.624004288471098e-15,7.7671452025093854,101.92138605954236,90.24113731152111,208.5749969482422,133.59300231933594,216.34100341796875,133.4600067138672
64.4,6.87100414444045e-08,0.0,8.624004288471098e-15,7.7671452025093854,101.92138605954236,90.24113731152111,208.5749969482422,133.59300231933594,216.34100341796875,133.4600067138672
64.45,1.373678565233978e-07,0.0,8.624004288471098e-15,7.7671452025093854,101.92138605954236,90.24113731152111,208.5749969482422,133.59300231933594,216.34100341796875,133.4600067138672
64.5,1.7167077175810557e-07,0.0,8.624004288471098e-15,7.7671452025093854,101.92138605954236,90.24113731152111,208.5749969482422,133.59300231933594,216.34100341796875,133.4600067138672
64.55,2.746325069346791e-07,0.0,8.624004288471098e-15,7.7671452025093854,101.92138605954236,90.24113731152111,208.5749969482422,133.59300231933594,216.34100341796875,133.4600067138672
64.60000000000001,4.4629989288815253e-07,0.0,8.624004288471098e-15,7.7671452025093854,101.92138605954236,90.24113731152111,208.5749969482422,133.59300231933594,216.34100341796875,133.4600067138672
64.65,5.49265187402684e-07,0.0,8.624004288471098e-15,7.7671452025093854,101.92138605954236,90.24113731152111,208.5749969482422,133.59300231933594,216.34100341796875,133.4600067138672
64.7,5.836109194685192e-07,0.0,8.624004288471098e-15,7.7671452025093854,101.92138605954236,90.24113731152111,208.5749969482422,133.59300231933594,216.34100341796875,133.4600067138672
64.75,6.001796633484223e-11,0.0,8.624004288471098e-15,7.7671452025093854,101.92138605954236,90.24113731152111,208.5749969482422,133.59300231933594,216.34100341796875,133.4600067138672
64.8,3.436626030243845e-08,0.0,8.624004288471098e-15,7.7671452025093854,101.92138605954236,90.24113731152111,208.5749969482422,133.59300231933594,216.34100341796875,133.4600067138672
64.85000000000001,3.4491081115348256e-08,0.0,8.624004288471098e-15,7.7671452025093854,101.92138605954236,90.24113731152111,208.5749969482422,133.59300231933594,216.34100341796875,133.4600067138672
64.9,6.865944495462133e-08,0.0,8.624004288471098e-15,7.7671452025093854,101.92138605954236,90.24113731152111,208.5749969482422,133.59300231933594,216.34100341796875,133.4600067138672
64.95,2.40306761687011e-07,0.0,8.624004288471098e-15,7.7671452025093854,101.92138605954236,90.24113731152111,208.5749969482422,133.59300231933594,216.34100341796875,133.4600067138672
65.0,3.089598124316674e-07,0.0,8.624004288471098e-15,7.7671452025093854,101.92138605954236,90.24113731152111,208.5749969482422,133.59300231933594,216.34100341796875,133.4600067138672
65.05,3.089627418570895e-07,0.0,8.624004288471098e-15,7.7671452025093854,101.92138605954236,90.24113731152111,208.5749969482422,133.59300231933594,216.34100341796875,133.4600067138672
65.10000000000001,3.4330203444094834e-07,0.0,8.624004288471098e-15,7.7671452025093854,101.92138605954236,90.24113731152111,208.5749969482422,133.59300231933594,216.34100341796875,133.4600067138672
65.15,3.776330782119628e-07,0.0,8.624004288471098e-15,7.7671452025093854,101.92138605954236,90.24113731152111,208.5749969482422,133.59300231933594,216.34100341796875,133.4600067138672
65.2,3.436597739690962e-08,0.0,8.624004288471098e-15,7.7671452025093854,101.92138605954236,90.24113731152111,208.5749969482422,133.59300231933594,216.34100341796875,133.4600067138672
65.25,3.441330578108146e-08,0.0,8.624004288471098e-15,7.7671452025093854,101.92138605954236,90.24113731152111,208.5749969482422,133.59300231933594,216.34100341796875,133.4600067138672
65.3,3.433711404651554e-08,0.0,8.624004288471098e-15,7.7671452025093854,101.92138605954236,90.24113731152111,208.5749969482422,133.59300231933594,216.34100341796875,133.4600067138672
65.35000000000001,6.866677847704389e-08,0.0,8.624004288471098e-15,7.7671452025093854,101.92138605954236,90.24113731152111,208.5749969482422,133.59300231933594,216.34100341796875,133.4600067138672
65.4,2.40301910718055e-07,0.0,8.624004288471098e-15,7.7671452025093854,101.92138605954236,90.24113731152111,208.5749969482422,133.59300231933594,216.34100341796875,133.4600067138672
65.45,3.776195763172569e-07,0.0,8.624004288471098e-15,7.7671452025093854,101.92138605954236,90.24113731152111,208.5749969482422,133.59300231933594,216.34100341796875,133.4600067138672
65.5,3.776194443691239e-07,0.0,8.624004288471098e-15,7.7671452025093854,101.92138605954236,90.24113731152111,208.5749969482422,133.59300231933594,216.34100341796875,133.4600067138672
65.55,3.776270699746289e-07,0.0,8.624004288471098e-15,7.7671452025093854,101.92138605954236,90.24113731152111,208.5749969482422,133.59300231933594,216.34100341796875,133.4600067138672
65.60000000000001,3.433182807796059e-08,0.0,8.624004288471098e-15,7.7671452025093854,101.92138605954236,90.24113731152111,208.5749969482422,133.59300231933594,216.34100341796875,133.4600067138672
65.65,3.439801235004361e-08,0.0,8.624004288471098e-15,7.7671452025093854,101.92138605954236,90.24113731152111,208.5749969482422,133.59300231933594,216.34100341796875,133.4600067138672
65.7,3.450921130734275e-08,0.0,8.624004288471098e-15,7.7671452025093854,101.92138605954236,90.24113731152111,208.5749969482422,133.59300231933594,216.34100341796875,133.4600067138672
65.75,3.4391616109161634e-08,0.0,8.624004288471098e-15,7.7671452025093854,101.92138605954236,90.24113731152111,208.5749969482422,133.59300231933594,216.34100341796875,133.4600067138672
65.8,6.865926572965834e-08,0.0,8.624004288471098e-15,7.7671452025093854,101.92138605954236,90.24113731152111,208.5749969482422,133.59300231933594,216.34100341796875,133.4600067138672
65.85000000000001,2.40306778962605e-07,0.0,8.624004288471098e-15,7.7671452025093854,101.92138605954236,90.24113731152111,208.5749969482422,133.59300231933594,216.34100341796875,133.4600067138672
65.9,4.119450274087717e-07,0.0,8.624004288471098e-15,7.7671452025093854,101.92138605954236,90.24113731152111,208.5749969482422,133.59300231933594,216.34100341796875,133.4600067138672
65.95,5.149345077491376e-07,0.0,8.624004288471098e-15,7.7671452025093854,101.92138605954236,90.24113731152111,208.5749969482422,133.59300231933594,216.34100341796875,133.4600067138672
66.0,0.0,0.0,8.624004288471098e-15,7.7671452025093854,101.92138605954236,90.24113731152111,208.5749969482422,133.59300231933594,216.34100341796875,133.4600067138672
66.05,3.439765569029444e-08,0.0,8.624004288471098e-15,7.7671452025093854,101.92138605954236,90.24113731152111,208.5749969482422,133.59300231933594,216.34100341796875,133.4600067138672
66.10000000000001,6.867829424357812e-08,0.0,8.624004288471098e-15,7.7671452025093854,101.92138605954236,90.24113731152111,208.5749969482422,133.59300231933594,216.34100341796875,133.4600067138672
66.15,1.0299090397505547e-07,0.0,8.624004288471098e-15,7.7671452025093854,101.92138605954236,90.24113731152111,208.5749969482422,133.59300231933594,216.34100341796875,133.4600067138672
66.2,1.3734260692228464e-07,0.0,8.624004288471098e-15,7.7671452025093854,101.92138605954236,90.24113731152111,208.5749969482422,133.59300231933594,216.34100341796875,133.4600067138672
66.25,1.7164675931888654e-07,0.0,8.624004288471098e-15,7.7671452025093854,101.92138605954236,90.24113731152111,208.5749969482422,133.59300231933594,216.34100341796875,133.4600067138672
66.3,3.089624659971977e-07,0.0,8.624004288471098e-15,7.7671452025093854,101.92138605954236,90.24113731152111,208.5749969482422,133.59300231933594,216.34100341796875,133.4600067138672
66.35000000000001,4.806143105016003e-07,0.0,8.624004288471098e-15,7.7671452025093854,101.92138605954236,90.24113731152111,208.5749969482422,133.59300231933594,216.34100341796875,133.4600067138672
66.4,6.522526619780921e-07,0.0,8.624004288471098e-15,7.7671452025093854,101.92138605954236,90.24113731152111,208.5749969482422,133.59300231933594,216.34100341796875,133.4600067138672
66.45,3.434401650378999e-08,0.0,8.624004288471098e-15,7.7671452025093854,101.92138605954236,90.24113731152111,208.5749969482422,133.59300231933594,216.34100341796875,133.4600067138672
66.5,3.4346446188291505e-08,0.0,8.624004288471098e-15,7.7671452025093854,101.92138605954236,90.24113731152111,208.5749969482422,133.59300231933594,216.34100341796875,133.4600067138672
66.55,6.866139565110022e-08,0.0,8.624004288471098e-15,7.7671452025093854,101.92138605954236,90.24113731152111,208.5749969482422,133.59300231933594,216.34100341796875,133.4600067138672
66.60000000000001,2.4030198691340005e-07,0.0,8.624004288471098e-15,7.7671452025093854,101.92138605954236,90.24113731152111,208.5749969482422,133.59300231933594,216.34100341796875,133.4600067138672
66.65,3.0896132699703817e-07,0.0,8.624004288471098e-15,7.7671452025093854,101.92138605954236,90.24113731152111,208.5749969482422,133.59300231933594,216.34100341796875,133.4600067138672
66.7,3.0897177563120215e-07,0.0,8.624004288471098e-15,7.7671452025093854,101.92138605954236,90.24113731152111,208.5749969482422,133.59300231933594,216.34100341796875,133.4600067138672
66.75,3.4329021976054866e-07,0.0,8.624004288471098e-15,7.7671452025093854,101.92138605954236,90.24113731152111,208.5749969482422,133.59300231933594,216.34100341796875,133.4600067138672
66.8,3.7761854138586143e-07,0.0,8.624004288471098e-15,7.7671452025093854,101.92138605954236,90.24113731152111,208.5749969482422,133.59300231933594,216.34100341796875,133.4600067138672
66.85000000000001,6.001796633484223e-11,0.0,8.624004288471098e-15,7.7671452025093854,101.92138605954236,90.24113731152111,208.5749969482422,133.59300231933594,216.34100341796875,133.4600067138672
66.9,3.436626030243845e-08,0.0,8.624004288471098e-15,7.7671452025093854,101.92138605954236,90.24113731152111,208.5749969482422,133.59300231933594,216.34100341796875,133.4600067138672
66.95,3.4572751334267164e-08,0.0,8.624004288471098e-15,7.7671452025093854,101.92138605954236,90.24113731152111,208.5749969482422,133.59300231933594,216.34100341796875,133.4600067138672
67.0,3.4430715744852925e-08,0.0,8.624004288471098e-15,7.7671452025093854,101.92138605954236,90.24113731152111,208.5749969482422,133.59300231933594,216.34100341796875,133.4600067138672
67.05,1.0298733481296049e-07,0.0,8.624004288471098e-15,7.7671452025093854,101.92138605954236,90.24113731152111,208.5749969482422,133.59300231933594,216.34100341796875,133.4600067138672
67.10000000000001,2.4034971917825453e-07,0.0,8.624004288471098e-15,7.7671452025093854,101.92138605954236,90.24113731152111,208.5749969482422,133.59300231933594,216.34100341796875,133.4600067138672
67.15,4.1196144668087224e-07,0.0,8.624004288471098e-15,7.7671452025093854,101.92138605954236,90.24113731152111,208.5749969482422,133.59300231933594,216.34100341796875,133.4600067138672
67.2,4.806121379930215e-07,0.0,8.624004288471098e-15,7.7671452025093854,101.92138605954236,90.24113731152111,208.5749969482422,133.59300231933594,216.34100341796875,133.4600067138672
67.25,5.14967167237115e-07,0.0,8.624004288471098e-15,7.7671452025093854,101.92138605954236,90.24113731152111,208.5749969482422,133.59300231933594,216.34100341796875,133.4600067138672
67.3,3.436597739690962e-08,0.0,8.624004288471098e-15,7.7671452025093854,101.92138605954236,90.24113731152111,208.5749969482422,133.59300231933594,216.34100341796875,133.4600067138672
67.35000000000001,3.449047392663919e-08,0.0,8.624004288471098e-15,7.7671452025093854,101.92138605954236,90.24113731152111,208.5749969482422,133.59300231933594,216.34100341796875,133.4600067138672
67.4,6.867256337255812e-08,0.0,8.624004288471098e-15,7.7671452025093854,101.92138605954236,90.24113731152111,208.5749969482422,133.59300231933594,216.34100341796875,133.4600067138672
67.45,2.0599571493813553e-07,0.0,8.624004288471098e-15,7.7671452025093854,101.92138605954236,90.24113731152111,208.5749969482422,133.59300231933594,216.34100341796875,133.4600067138672
67.5,2.403090628157283e-07,0.0,8.624004288471098e-15,7.7671452025093854,101.92138605954236,90.24113731152111,208.5749969482422,133.59300231933594,216.34100341796875,133.4600067138672
67.55,2.7463208716171407e-07,0.0,8.624004288471098e-15,7.7671452025093854,101.92138605954236,90.24113731152111,208.5749969482422,133.59300231933594,216.34100341796875,133.4600067138672
67.60000000000001,3.4329978394777006e-07,0.0,8.624004288471098e-15,7.7671452025093854,101.92138605954236,90.24113731152111,208.5749969482422,133.59300231933594,216.34100341796875,133.4600067138672
67.65,5.149368774509556e-07,0.0,8.624004288471098e-15,7.7671452025093854,101.92138605954236,90.24113731152111,208.5749969482422,133.59300231933594,216.34100341796875,133.4600067138672
67.7,6.86683221274832e-08,0.0,8.624004288471098e-15,7.7671452025093854,101.92138605954236,90.24113731152111,208.5749969482422,133.59300231933594,216.34100341796875,133.4600067138672
67.75,1.7164655263206492e-07,0.0,8.624004288471098e-15,7.7671452025093854,101.92138605954236,90.24113731152111,208.5749969482422,133.59300231933594,216.34100341796875,133.4600067138672
67.8,1.7164601799912635e-07,0.0,8.624004288471098e-15,7.7671452025093854,101.92138605954236,90.24113731152111,208.5749969482422,133.59300231933594,216.34100341796875,133.4600067138672
67.85000000000001,1.7166307771881813e-07,0.0,8.624004288471098e-15,7.7671452025093854,101.92138605954236,90.24113731152111,208.5749969482422,133.59300231933594,216.34100341796875,133.4600067138672
67.9,1.716501545751553e-07,0.0,8.624004288471098e-15,7.7671452025093854,101.92138605954236,90.24113731152111,208.5749969482422,133.59300231933594,216.34100341796875,133.4600067138672
67.95,2.0597320250859583e-07,0.0,8.624004288471098e-15,7.7671452025093854,101.92138605954236,90.24113731152111,208.5749969482422,133.59300231933594,216.34100341796875,133.4600067138672
68.0,3.43289031966748e-07,0.0,8.624004288471098e-15,7.7671452025093854,101.92138605954236,90.24113731152111,208.5749969482422,133.59300231933594,216.34100341796875,133.4600067138672
68.05,3.7761976685335013e-07,0.0,8.624004288471098e-15,7.7671452025093854,101.92138605954236,90.24113731152111,208.5749969482422,133.59300231933594,216.34100341796875,133.4600067138672
68.10000000000001,0.0,0.0,8.624004288471098e-15,7.7671452025093854,101.92138605954236,90.24113731152111,208.5749969482422,133.59300231933594,216.34100341796875,133.4600067138672
68.15,6.865800141335622e-08,0.0,8.624004288471098e-15,7.7671452025093854,101.92138605954236,90.24113731152111,208.5749969482422,133.59300231933594,216.34100341796875,133.4600067138672
68.2,1.3732224401867112e-07,0.0,8.624004288471098e-15,7.7671452025093854,101.92138605954236,90.24113731152111,208.5749969482422,133.59300231933594,216.34100341796875,133.4600067138672
68.25,1.7164430861110164e-07,0.0,8.624004288471098e-15,7.7671452025093854,101.92138605954236,90.24113731152111,208.5749969482422,133.59300231933594,216.34100341796875,133.4600067138672
68.3,3.0895963621324646e-07,0.0,8.624004288471098e-15,7.7671452025093854,101.92138605954236,90.24113731152111,208.5749969482422,133.59300231933594,216.34100341796875,133.4600067138672
68.35000000000001,3.7761977995175354e-07,0.0,8.624004288471098e-15,7.7671452025093854,101.92138605954236,90.24113731152111,208.5749969482422,133.59300231933594,216.34100341796875,133.4600067138672
68.4,4.1194556332354835e-07,0.0,8.624004288471098e-15,7.7671452025093854,101.92138605954236,90.24113731152111,208.5749969482422,133.59300231933594,216.34100341796875,133.4600067138672
68.45,4.4627400459412633e-07,0.0,8.624004288471098e-15,7.7671452025093854,101.92138605954236,90.24113731152111,208.5749969482422,133.59300231933594,216.34100341796875,133.4600067138672
68.5,5.14934083810323e-07,0.0,8.624004288471098e-15,7.7671452025093854,101.92138605954236,90.24113731152111,208.5749969482422,133.59300231933594,216.34100341796875,133.4600067138672
68.55,6.867206647205087e-08,0.0,8.624004288471098e-15,7.7671452025093854,101.92138605954236,90.24113731152111,208.5749969482422,133.59300231933594,216.34100341796875,133.4600067138672
68.60000000000001,1.029875827797727e-07,0.0,8.624004288471098e-15,7.7671452025093854,101.92138605954236,90.24113731152111,208.5749969482422,133.59300231933594,216.34100341796875,133.4600067138672
68.65,1.3733150267528026e-07,0.0,8.624004288471098e-15,7.7671452025093854,101.92138605954236,90.24113731152111,208.5749969482422,133.59300231933594,216.34100341796875,133.4600067138672
68.7,1.7166374160736723e-07,0.0,8.624004288471098e-15,7.7671452025093854,101.92138605954236,90.24113731152111,208.5749969482422,133.59300231933594,216.34100341796875,133.4600067138672
68.75,1.716465546559484e-07,0.0,8.624004288471098e-15,7.7671452025093854,101.92138605954236,90.24113731152111,208.5749969482422,133.59300231933594,216.34100341796875,133.4600067138672
68.8,1.7164642606246716e-07,4.390454194697736,0.43904541946978226,7.852124334512874,101.92138605954236,90.32613577361059,208.5749969482422,133.59300231933594,216.42599487304688,133.4600067138672
68.85000000000001,3.432886393609637e-07,9.901495655651038,1.429194985034886,7.988106821614211,101.92138605954236,90.46213908926428,208.5749969482422,133.59300231933594,216.56199645996094,133.4600067138672
68.9,4.462756341446591e-07,11.278102019382208,2.5570051869731065,8.142092750444165,101.92138605954236,90.6161482252197,208.5749969482422,133.59300231933594,216.71600341796875,133.4600067138672
68.95,6.001796633484223e-11,11.608584231876243,3.717863610160731,8.30405837077681,101.92138605954236,90.77816195243844,208.5749969482422,133.59300231933594,216.8780059814453,133.46099853515625
69.0,1.3731572066772285e-07,12.755106818466494,4.99337429200738,8.482030617556346,101.92138605954236,90.95616623989794,208.5749969482422,133.59300231933594,217.05599975585938,133.46099853515625
69.05,2.746345735054224e-07,12.958895783190659,6.2892638703264465,8.664016694023214,101.92138605954236,91.13818189626276,208.5749969482422,133.59300231933594,217.23800659179688,133.46099853515625
69.10000000000001,3.432988792513117e-07,13.949418934256656,7.684205763752113,8.857995811310937,101.92138605954236,91.3321876100037,208.5749969482422,133.59300231933594,217.4320068359375,133.46099853515625
69.15,4.119479725163331e-07,14.053717520061385,9.08957751575825,9.055973029558427,101.92138605954236,91.53018798828224,208.5749969482422,133.59300231933594,217.6300048828125,133.46099853515625
69.2,4.4627478753406305e-07,14.916546307774377,10.581232146535688,9.262952613867302,101.92138605954236,91.7371893520211,208.5749969482422,133.59300231933594,217.83700561523438,133.46099853515625
69.25,0.04974949588101416,14.946071270338706,12.07583927356956,9.472923202680933,101.92138609958923,91.94718081896045,208.5749969482422,133.59300231933594,218.0469970703125,133.46099853515625
69.3,0.008951736001922084,15.692203893108488,13.206014243410635,9.690904574817058,101.9223779208912,92.16419143451114,208.57400512695312,133.59300231933594,218.26400756835938,133.46099853515625
69.35000000000001,0.023088673235678397,15.668754393388987,13.782740117184428,9.909878428853109,101.92237796082165,92.38318607104544,208.57400512695312,133.59300231933594,218.48300170898438,133.46099853515625
69.4,0.008702324438290289,16.31952599375139,14.286882514621349,10.135856305969725,101.92237815081145,92.60918469589416,208.57400512695312,133.59300231933594,218.70899963378906,133.46099853515625
69.45,0.008892399540701342,16.25450228121306,14.75147431955503,10.362829269747914,101.92237831088252,92.83619279713174,208.57400512695312,133.59300231933594,218.93600463867188,133.46200561523438
69.5,0.022219526462121046,16.82724199143252,15.158687836851632,10.594805411270404,101.92237854080278,93.0681881687858,208.57400512695312,133.59300231933594,219.16799926757812,133.46200561523438
69.55,0.005321876474112667,16.729233296831822,15.53572158821575,10.828781146157073,101.9223786108848,93.30218235696529,208.57400512695312,133.59300231933594,219.40199279785156,133.46200561523438
69.60000000000001,0.037793542491563914,17.2383280243352,15.864612497223607,11.065778726418877,101.92337043219206,93.54018939879326,208.5749969482422,133.59300231933594,219.63999938964844,133.46200561523438
69.65,0.02247631641899752,17.114044050559333,16.1706451502734,11.303768820672195,101.92337055209984,93.77819633960925,208.5749969482422,133.59300231933594,219.8780059814453,133.46200561523438
69.7,0.056714414190740414,17.57116048249594,16.436106567745558,11.54673368322163,101.92437763219591,94.02218458250577,208.5760040283203,133.59300231933594,220.1219940185547,133.46200561523438
69.75,0.04300129819407958,17.425930933661082,16.684092534077795,11.788722727104638,101.92437770216152,94.26418913515336,208.5760040283203,133.59300231933594,220.36399841308594,133.46200561523438
69.8,0.07884325158245714,17.84071777140813,16.898943921907758,12.034709978286013,101.92536952346349,94.51118324291333,208.57699584960938,133.59300231933594,220.61099243164062,133.46200561523438
69.85000000000001,0.06665185265509886,17.678643049018667,17.099932787470728,12.280697835682814,101.92637660354406,94.75819259654259,208.5780029296875,133.59300231933594,220.85800170898438,133.46200561523438
69.9,0.10407924851516259,17.647874671974524,17.23276765529304,12.526686245448655,101.92837550491764,95.00619382735546,208.5800018310547,133.59300231933594,221.1060028076172,133.46200561523438
69.95,0.09341172465450437,18.483632810761364,17.45568070824787,12.780670420538526,101.92936732620917,95.26118345473813,208.58099365234375,133.59300231933594,221.36099243164062,133.46200561523438
70.0,0.13248037358555054,18.04910823207652,17.57786733231227,13.026649985930538,101.93136622758539,95.50918654366939,208.58299255371094,133.59300231933594,221.60899353027344,133.46299743652344
70.05,0.12282587901827322,18.177667317513812,17.722710734380467,13.275630695222715,101.9323733076643,95.75918662067396,208.58399963378906,133.59300231933594,221.85899353027344,133.46299743652344
70.10000000000001,0.1623985234579739,18.24736181341115,17.823614113288063,13.524627122418705,101.93437220903712,96.010193747364,208.58599853515625,133.59300231933594,222.11000061035156,133.46299743652344
70.15,0.15382979977652553,18.309785727151713,17.9431882809473,13.772601685906855,101.9373781904827,96.26118560432711,208.58900451660156,133.59300231933594,222.36099243164062,133.46299743652344
70.2,0.1953547311822564,18.36594612624538,18.02266684532224,14.023597760705334,101.93937709185552,96.51419161839539,208.59100341796875,133.59300231933594,222.61399841308594,133.46299743652344
70.25,0.18804924688651412,18.338125798833826,18.113886331839517,14.2736024431631,101.94236781451283,96.76719763387204,208.593994140625,133.59300231933594,222.86700439453125,133.46299743652344
70.3,0.23032585453937832,18.338190346530546,18.16363358935176,14.526582840050565,101.94537379596017,97.02319435582264,208.5970001220703,133.59300231933594,223.1230010986328,133.46299743652344
70.35000000000001,0.2250064922142506,18.36493860070689,18.232263144520584,14.778571802163711,101.94837977740654,97.27819928108163,208.60000610351562,133.59300231933594,223.3780059814453,133.46299743652344
70.4,0.2707023534443036,18.62806080874705,18.330281758197835,15.034558759224133,101.95137050006656,97.53718672022895,208.60299682617188,133.59300231933594,223.63699340820312,133.46299743652344
70.45,0.35696916481805036,18.48726519152659,18.330644996274355,15.286548387313195,101.95637538291267,97.79419051062662,208.60800170898438,133.59300231933594,223.8939971923828,133.46299743652344
70.5,0.7799041251128762,18.689080208882444,18.394642193954947,15.536531093861216,101.96537806958422,98.05319515559418,208.61700439453125,133.59300231933594,224.1529998779297,133.46400451660156
70.55,1.00349283440749,18.543568171850673,18.43123227938863,15.78252493928463,101.97737147879653,98.31119076404325,208.62899780273438,133.59300231933594,224.41099548339844,133.46400451660156
70.60000000000001,1.1724300541983323,18.739588306768166,18.480454928724335,16.02652020508018,101.99337794902287,98.5712005316663,208.64500427246094,133.59300231933594,224.67100524902344,133.46400451660156
70.65,1.0590012431958589,18.59029643930299,18.508505999939462,16.270500451122935,102.00837733867719,98.830187964161,208.66000366210938,133.59300231933594,224.92999267578125,133.46400451660156
70.7,1.1752308011275425,18.780521252259465,18.54996351254087,16.51451144441893,102.02436854965252,99.09019773483315,208.67599487304688,133.59300231933594,225.19000244140625,133.46400451660156
70.75,1.1218391780164343,18.627557421350858,18.57890667479257,16.757500347895355,102.04037501944119,99.34920043029834,208.69200134277344,133.59300231933594,225.44900512695312,133.46400451660156
70.8,0.975970825802826,18.81389220278711,18.62647686041823,17.003495356069035,102.05537440940175,99.61020202505246,208.70700073242188,133.59300231933594,225.7100067138672,133.46400451660156
70.85000000000001,0.9709855249751902,18.65765289156252,18.65574828950379,17.250482362108798,102.06837489806708,99.87019654386813,208.72000122070312,133.59300231933594,225.97000122070312,133.46400451660156
70.9,0.9489203820600941,18.841000641113066,18.67704227274039,17.497484825703385,102.08236720789981,100.13119813908699,208.73399353027344,133.59300231933594,226.2310028076172,133.46400451660156
70.95,0.9737358904854513,18.68195285269159,18.69651103885689,17.74447222035388,102.09536769626644,100.3911926571282,208.7469940185547,133.59300231933594,226.49099731445312,133.46400451660156
71.0,0.9610311876489416,18.86299517082823,18.71390253505147,17.992459768714486,102.1093752646391,100.65320320821341,208.76100158691406,133.59300231933594,226.7530059814453,133.46499633789062
71.05,1.0761155034187462,18.70160762672865,18.72970648053927,18.2384558204965,102.12336757421022,100.91319772403598,208.77499389648438,133.59300231933594,227.01300048828125,133.46499633789062
71.10000000000001,1.1956489498597471,18.880778887734845,18.74382553863594,18.484436778481125,102.13937404398102,101.17519113719597,208.79100036621094,133.59300231933594,227.27499389648438,133.46499633789062
71.15,1.2041803320526074,18.717590639972123,18.75655495870285,18.727442498968927,102.15637233501741,101.43520090953538,208.80799865722656,133.59300231933594,227.53500366210938,133.46499633789062
71.2,1.3310279852217775,18.895179247662927,18.768020758243196,18.971424907992766,102.17437770620415,101.6971943211111,208.8260040283203,133.59300231933594,227.7969970703125,133.46499633789062
71.25,1.512788415610025,18.7305147449625,18.77831649060436,19.212432061876893,102.19436671994917,101.95819591300086,208.8459930419922,133.59300231933594,228.05799865722656,133.46499633789062
71.3,1.4928336630316021,18.906807367976867,18.787608007123335,19.4534240921959,102.21537807250667,102.22020458231809,208.86700439453125,133.59300231933594,228.32000732421875,133.46499633789062
71.35000000000001,1.5321276819334408,18.741027090026993,18.795945426969784,19.692402133978693,102.23738124633807,102.48119091427242,208.88900756835938,133.59300231933594,228.58099365234375,133.46499633789062
71.4,1.6639856634086385,18.916238285599768,18.803469191418454,19.932417875126895,102.2593691613774,102.74319958291106,208.91099548339844,133.59300231933594,228.84300231933594,133.46499633789062
71.45,1.6764589067329172,18.749558513940926,18.81022975754339,20.170404357209783,102.28237941528366,103.00420117286363,208.9340057373047,133.59300231933594,229.10400390625,133.46499633789062
71.5,1.9309464375609917,18.92387023105339,18.816317263565903,20.406385798443708,102.30838039188016,103.26619651783018,208.9600067138672,133.59300231933594,229.36599731445312,133.46600341796875
71.55,1.9544078365008766,18.75643515671281,18.821800016564318,20.64039010618193,102.3353731897593,103.52719810722313,208.98699951171875,133.59300231933594,229.6269989013672,133.46600341796875
71.60000000000001,2.0932239021729213,18.93002591554637,18.82672471934547,20.874379256238907,102.36438014778435,103.7901985963813,209.01600646972656,133.59300231933594,229.88999938964844,133.46600341796875
71.65,2.114096507381825,18.762014063271756,18.831167061675437,21.106384896510452,102.39337184700476,104.05120018535233,209.0449981689453,133.59300231933594,230.1510009765625,133.46600341796875
71.7,2.189095380578564,18.935065820264533,18.835155718935596,21.338375370927487,102.42337062630457,104.31319359421144,209.0749969482422,133.59300231933594,230.41299438476562,133.46600341796875
71.75,2.2157752477759716,18.76655100100014,18.838759344539362,21.568367067814226,102.45437648568725,104.57419518283027,209.1060028076172,133.59300231933594,230.6739959716797,133.46600341796875
71.8,2.268436106989021,18.939098086447604,18.841988416386435,21.800372975985383,102.48536708628352,104.83719567158563,209.13699340820312,133.59300231933594,230.93699645996094,133.46600341796875
71.85000000000001,2.3090691314951473,18.770186730892465,18.844904380472986,22.029357777781165,102.51738002574567,105.09819725992483,209.16900634765625,133.59300231933594,231.197998046875,133.46600341796875
71.9,2.3764323092630844,18.94240938591105,18.847521490504114,22.259364981151368,102.55036952770259,105.36119774853728,209.20199584960938,133.59300231933594,231.46099853515625,133.46600341796875
71.95,2.4288952106157216,18.773137541648,18.84987939327482,22.48735813373118,102.58337428844614,105.6221993366328,209.23500061035156,133.59300231933594,231.7220001220703,133.46600341796875
72.0,2.5229271844535446,18.945073531557384,18.851999723325218,22.715351360242355,102.61837795055568,105.88519982514192,209.27000427246094,133.59300231933594,231.98500061035156,133.46600341796875
72.05,2.612282631015995,18.775549345331267,18.853911142187066,22.941355576902613,102.65336635387806,106.14620329752219,209.30499267578125,133.59300231933594,232.24600219726562,133.4669952392578
72.10000000000001,2.726913855884739,18.94723471719288,18.855632022351717,23.166343060665678,102.69137599743901,106.40920378595624,209.34300231933594,133.59300231933594,232.50900268554688,133.4669952392578
72.15,2.8197904920878507,18.777494237298562,18.857180039754397,23.389346995183413,102.72937038221166,106.67020537370134,209.38099670410156,133.59300231933594,232.77000427246094,133.4669952392578
72.2,2.93762574830597,18.948961605937818,18.858569618321727,23.612335732982736,102.76937892714075,106.93320586207935,209.42100524902344,133.59300231933594,233.0330047607422,133.4669952392578
72.25,3.0260021589668527,18.77907864622499,18.859822382844207,23.83134204238164,102.81137111464518,107.19420744969308,209.46299743652344,133.59300231933594,233.29400634765625,133.4669952392578
72.3,3.1441361260445455,18.950401824945505,18.860952756693997,24.05134021584602,102.85437038222763,107.45720793803251,209.50599670410156,133.59300231933594,233.5570068359375,133.4669952392578
72.35000000000001,3.234038858326338,18.780338619320375,18.861967945536787,24.268317244954353,102.89837672988588,107.71819426674483,209.5500030517578,133.59300231933594,233.8179931640625,133.4669952392578
72.4,3.352457310393666,18.9515536568789,18.86288237263357,24.48532484363934,102.94436672012218,107.98119475505895,209.5959930419922,133.59300231933594,234.08099365234375,133.4669952392578
72.45,3.4415141697223746,18.7813823037833,18.8637068488471,24.69831948388896,102.99237087051374,108.24219634247639,209.6439971923828,133.59300231933594,234.3419952392578,133.4669952392578
72.5,3.5541689053770438,18.952454866224524,18.864444982313813,24.913313047834507,103.04037502090492,108.50519683077407,209.69200134277344,133.59300231933594,234.60499572753906,133.4669952392578
72.55,3.641976503145935,18.78220969786247,18.865111017566935,25.12531094366442,103.09037807266287,108.76720743364427,209.74200439453125,133.59300231933594,234.86700439453125,133.46800231933594
72.60000000000001,3.7574286753447246,18.953210165776888,18.865708562425333,25.335299821479616,103.14238002578799,109.02920084185408,209.79400634765625,133.59300231933594,235.12899780273438,133.46800231933594
72.65,3.8545207961403367,18.782894615491806,18.86624860024466,25.544312190803268,103.19537380020219,109.29120950922405,209.8470001220703,133.59300231933594,235.39100646972656,133.46800231933594
72.7,3.976380660420816,18.953821271812483,18.866734566832125,25.753309342535463,103.24937465469486,109.5542099975069,209.9010009765625,133.59300231933594,235.6540069580078,133.46800231933594
72.75,4.07991652274204,18.783433623097594,18.86717006451938,25.95730170938921,103.30636623184373,109.81519632596168,209.95799255371094,133.59300231933594,235.9149932861328,133.46800231933594
72.8,4.206204822613659,18.9543259494476,18.86756247696959,26.16329299202668,103.36337306778206,110.07819681424294,210.01499938964844,133.59300231933594,236.17799377441406,133.46800231933594
72.85000000000001,4.3175886166874315,18.783866201942722,18.867915235231823,26.36429474369379,103.42337062637642,110.33919840144966,210.0749969482422,133.59300231933594,236.43899536132812,133.46800231933594
72.9,4.445460922283121,18.95472248166073,18.868232117710004,26.56628834016696,103.48437526504925,110.60219888973172,210.13600158691406,133.59300231933594,236.70199584960938,133.46800231933594
72.95,4.557744652764262,18.784226684668088,18.868516555798486,26.765291280563265,103.54637172501077,110.8632004769049,210.197998046875,133.59300231933594,236.96299743652344,133.46800231933594
73.0,4.683168637628037,18.955045200581175,18.86877558923415,26.96328718401602,103.61137416641755,111.12620096518951,210.26300048828125,133.59300231933594,237.2259979248047,133.46800231933594
73.05,4.797864637314719,18.784513353868768,18.86900595483478,27.159294950392816,103.67736842911313,111.38821150965276,210.32899475097656,133.59300231933594,237.48800659179688,133.468994140625
73.10000000000001,4.9089608987282025,18.955297538924107,18.8692146921495,27.354284997711453,103.74436977188668,111.65020491786278,210.39599609375,133.59300231933594,237.75,133.468994140625
73.15,5.005944873234275,18.784765691827488,18.86940179978307,27.547280675140957,103.8133771439635,111.91219832627431,210.46499633789062,133.593994140625,238.01199340820312,133.468994140625
73.2,5.1301088544500395,18.95551382924894,18.869571055526713,27.73928005490845,103.8843762894714,112.17519881456688,210.53599548339844,133.593994140625,238.27499389648438,133.468994140625
73.25,5.2736770178313375,18.784945932792912,18.869722286496245,27.928273510299906,103.95638251505785,112.43620040167214,210.60800170898438,133.593994140625,238.53599548339844,133.468994140625
73.3,5.428404896191305,18.955694071217938,18.86985909867328,28.11627517985085,104.03137946330253,112.69920088996894,210.68299865722656,133.593994140625,238.7989959716797,133.468994140625
73.35000000000001,5.582016965524359,18.785126174086784,18.86998509588769,28.30127092210057,104.10738349162625,112.96020247705844,210.75900268554688,133.593994140625,239.05999755859375,133.468994140625
73.4,5.730373173718943,18.95583826484592,18.870096674206206,28.485274876223286,104.18637824260583,113.22320296535965,210.83799743652344,133.593994140625,239.322998046875,133.468994140625
73.45,5.870844997321766,18.785234318282324,18.870197437567633,28.666272900346264,104.26738715374037,113.48521163251195,210.91900634765625,133.593994140625,239.5850067138672,133.468994140625
73.5,6.0032169782773845,18.95594640972249,18.870287558481763,28.84527206361911,104.35037970745189,113.74720504073967,211.0019989013672,133.593994140625,239.8470001220703,133.468994140625
73.55,6.129576948066245,18.78534246289306,18.87037046938419,29.023259857086227,104.43437934124097,114.00920038464828,211.08599853515625,133.593994140625,240.10899353027344,133.47000122070312
73.60000000000001,6.2519050205514,18.956054555110217,18.870446171002804,29.200260204713732,104.52037787639726,114.27220087295935,211.1719970703125,133.593994140625,240.3719940185547,133.47000122070312
73.65,6.372433224294563,18.785414558772423,18.8705110576973,29.373262804552848,104.6083753129209,114.53320246001576,211.25999450683594,133.593994140625,240.63299560546875,133.47000122070312
73.7,6.493825312657924,18.95612665166377,18.870572339938782,29.546250163909434,104.69838690960098,114.79620294833055,211.35000610351562,133.593994140625,240.89599609375,133.47000122070312
73.75,6.617917204169255,18.785486655131724,18.870626412172665,29.716262103123423,104.78937506878087,115.05720453537594,211.4409942626953,133.593994140625,241.15699768066406,133.47000122070312
73.8,6.74564531399359,18.95616269975041,18.870673275025915,29.886258800627054,104.88237738811694,115.3202050236945,211.53399658203125,133.593994140625,241.4199981689453,133.47000122070312
73.85000000000001,6.8771894579607125,18.785522702833376,18.870712927900577,30.053264817560407,104.97737860882008,115.58221369081035,211.62899780273438,133.593994140625,241.6820068359375,133.47000122070312
73.9,7.011649271726755,18.95623479686237,18.87075258110222,30.219248520040555,105.07338690960135,115.84420709905474,211.72500610351562,133.593994140625,241.94400024414062,133.47000122070312
73.95,7.147729134095326,18.78559479960305,18.87078862923429,30.38224154010822,105.17238593303897,116.10620050737577,211.82400512695312,133.593994140625,242.20599365234375,133.47000122070312
74.0,7.284420965716222,18.956269128397654,18.87082090110181,30.54524983341247,105.27237677776564,116.36920099570101,211.9239959716797,133.593994140625,242.468994140625,133.47000122070312
74.05,7.420969043987362,18.785629131125713,18.870849567925074,30.704245112238514,105.37438178264863,116.63020258272776,212.0260009765625,133.593994140625,242.72999572753906,133.47000122070312
74.10000000000001,7.556761807951611,18.956305176931483,18.870874630107203,30.862244622386356,105.47937751018782,116.89320494121728,212.13099670410156,133.593994140625,242.9929962158203,133.4709930419922
74.15,7.691689404605502,18.785629130331046,18.870896087263063,31.01724217681681,105.58538031780506,117.15420652823967,212.23699951171875,133.593994140625,243.25399780273438,133.4709930419922
74.2,7.825825643488847,18.95630517663327,18.870913939760012,31.17223974343478,105.69338202678946,117.41720701657214,212.34500122070312,133.593994140625,243.51699829101562,133.4709930419922
74.25,7.959565341794817,18.785665178842223,18.87093179213106,31.324250593141038,105.80238020958052,117.67820860358884,212.45399475097656,133.59500122070312,243.7779998779297,133.4709930419922
74.3,8.093305898938434,18.956341225355484,18.870949644691567,31.475250392093848,105.91437972129928,117.9412090919235,212.5659942626953,133.59500122070312,244.04100036621094,133.4709930419922
74.35000000000001,8.227477326808895,18.785701227181036,18.870967497126333,31.623244243951394,106.02837813438522,118.20320250022694,212.67999267578125,133.59500122070312,244.30299377441406,133.4709930419922
74.4,8.362297641116722,18.95637727402292,18.87098174484239,31.771238106464768,106.14338362754928,118.46620298856321,212.7949981689453,133.59500122070312,244.5659942626953,133.4709930419922
74.45,8.497909305773625,18.785701226933387,18.87099238757542,31.91523420691672,106.26038802208053,118.72720457557384,212.91200256347656,133.59500122070312,244.82699584960938,133.4709930419922
74.5,8.634314032750261,18.956377273905915,18.871003202126246,32.05923031718189,106.37939131797897,118.9902050639126,213.031005859375,133.59500122070312,245.08999633789062,133.4709930419922
74.55,8.771401977730767,18.785701226700912,18.871010411683766,32.19823685009772,106.50138533653367,119.25120665092214,213.1529998779297,133.59500122070312,245.3509979248047,133.4709930419922
74.60000000000001,8.909065862301592,18.95637727384546,18.871017621375167,32.339238432516936,106.62337935508839,119.51420906740901,213.27499389648438,133.59500122070312,245.61399841308594,133.4720001220703
74.65,9.047089331925449,18.785737275432577,18.871028435885318,32.476246112678176,106.74837935508842,119.77621773449337,213.39999389648438,133.59500122070312,245.87600708007812,133.4720001220703
74.7,9.185438113169152,18.95637727378868,18.871035645600863,32.611239655303535,106.87537825645562,120.03821114275655,213.52699279785156,133.59500122070312,246.13800048828125,133.4720001220703
74.75,9.311581759772789,18.78573727521955,18.871042855238596,32.74421905992935,107.00439131797906,120.30020455104949,213.656005859375,133.59500122070312,246.39999389648438,133.4720001220703
74.8,9.433405550446956,18.95641332286265,18.871050064989312,32.87722898954308,107.13438094200258,120.56320503939448,213.78599548339844,133.59500122070312,246.66299438476562,133.4720001220703
74.85000000000001,9.567001885672662,18.785737275254892,18.871053669796698,33.00622960405141,107.26638845219517,120.82420662639686,213.91799926757812,133.5959930419922,246.9239959716797,133.4720001220703
74.9,9.709453367736195,18.95641332278706,18.871057274673113,33.1352265000906,107.40039113774205,121.08720711474295,214.052001953125,133.5959930419922,247.18699645996094,133.4720001220703
74.95,9.858133591157682,18.785737275261866,18.87106087950596,33.26022562820268,107.53639272465624,121.3482087017443,214.18800354003906,133.5959930419922,247.447998046875,133.4720001220703
75.0,10.009657371931604,18.95641332303477,18.87106448441885,33.38423294839726,107.67538503422688,121.61120919009106,214.32699584960938,133.5959930419922,247.71099853515625,133.4720001220703
75.05,10.160929678826193,18.78573727526124,18.87106808927488,33.5062413872634,107.81538442387576,121.87321785716814,214.4669952392578,133.5959930419922,247.97300720214844,133.4720001220703
75.10000000000001,10.309826188143239,18.956413323186887,18.871071694209025,33.62623198733879,107.9573827148917,122.13521320099528,214.60899353027344,133.5959930419922,248.23500061035156,133.47300720214844
75.15,10.454977906501105,18.785737275333183,18.871071694199085,33.74322034331738,108.10238698735282,122.39720660928255,214.75399780273438,133.5959930419922,248.4969940185547,133.47300720214844
75.2,10.596062097077361,18.956413323294196,18.871075299149634,33.860223963374274,108.24838308110286,122.6602070976311,214.89999389648438,133.5959930419922,248.75999450683594,133.47300720214844
75.25,10.73390618145407,18.785737275381003,18.871075299165778,33.973214553532664,108.39639333500911,122.92120868462861,215.04800415039062,133.5959930419922,249.02099609375,133.47300720214844
75.3,10.870093749032906,18.956413323421703,18.871075299221683,34.08521333378443,108.54739431157162,123.18420917297807,215.19900512695312,133.5959930419922,249.28399658203125,133.47300720214844
75.35000000000001,11.005921654595094,18.785773324332382,18.871078904129433,34.19422505249212,108.69939044576273,123.44521075997457,215.3509979248047,133.5970001220703,249.5449981689453,133.47300720214844
75.4,11.142577829789175,18.956413323642554,18.871078904214983,34.30321786846996,108.85339740377059,123.70821124832496,215.5050048828125,133.5970001220703,249.80799865722656,133.47300720214844
75.45,11.281033881224783,18.78577332454426,18.871082509143225,34.40923524442099,109.00938800435654,123.97021991539827,215.66099548339844,133.5970001220703,250.07000732421875,133.47300720214844
75.5,11.421793629764098,18.956413323873754,18.871082509227122,34.514230292344465,109.1663856850206,124.23221332367149,215.8179931640625,133.5970001220703,250.33200073242188,133.47300720214844
75.55,11.564966083940147,18.78577332471291,18.87108611417229,34.61621938222628,109.32638934712998,124.49420673195574,215.97799682617188,133.5970001220703,250.593994140625,133.47300720214844
75.60000000000001,11.71037013683497,18.956413324046594,18.871086114258258,34.71721313286739,109.48839191060655,124.75720909046771,216.13999938964844,133.5970001220703,250.85699462890625,133.4739990234375
75.65,11.844721761031273,18.785773324924065,18.871089719217345,34.81421264783742,109.6523933754503,125.0182106774622,216.3040008544922,133.5970001220703,251.1179962158203,133.4739990234375
75.7,11.973962170435458,18.956413324297873,18.871089719317716,34.911212166181684,109.81839374166128,125.2812111658142,216.47000122070312,133.5970001220703,251.38099670410156,133.4739990234375
75.75,12.128473707571384,18.785773325047014,18.871093324284317,35.00522098367607,109.98538592916128,125.54221275280796,216.63699340820312,133.5970001220703,251.64199829101562,133.4739990234375
75.8,12.313549566044294,18.95641332453445,18.87109332439559,35.09820747169871,110.15539935689628,125.80521324116087,216.8070068359375,133.5970001220703,251.90499877929688,133.4739990234375
75.85000000000001,12.51712968025904,18.7857733253182,18.871093324494172,35.18722670182626,110.32838824850046,126.06722190823122,216.97999572753906,133.5970001220703,252.16700744628906,133.4739990234375
75.9,12.727226095466557,18.956413324831747,18.871093324613092,35.274220054160146,110.5033941979314,126.32921531650629,217.15499877929688,133.59800720214844,252.4290008544922,133.4739990234375
75.95,12.933902116551147,18.78577332550827,18.87109332470949,35.357212096217296,110.68239505242802,126.59120872478783,217.33399963378906,133.59800720214844,252.6909942626953,133.4739990234375
76.0,13.129778043687004,18.956449373947056,18.87109692971682,35.43921232545523,110.86339480829032,126.85420921314169,217.51499938964844,133.59800720214844,252.95399475097656,133.4739990234375
76.05,13.310209597684121,18.785773325758434,18.871096929821373,35.516207704705536,111.0474005455963,127.11521080013544,217.69900512695312,133.59800720214844,253.21499633789062,133.4739990234375
76.10000000000001,13.474838007917603,18.956449374203107,18.871100534837026,35.59321834468931,111.23338992547932,127.3782112884893,217.88499450683594,133.59800720214844,253.47799682617188,133.4739990234375
76.15,13.624814243759275,18.78577332597717,18.871100534942336,35.66520538802729,111.4224005455966,127.6392148183946,218.07400512695312,133.59800720214844,253.73899841308594,133.47500610351562
76.2,13.763269473312063,18.956413325612953,18.871100535073843,35.73820300166864,111.61240298700348,127.90221530674846,218.26400756835938,133.59800720214844,254.0019989013672,133.47500610351562
76.25,13.896325896051469,18.78577332632876,18.871100535202018,35.80822517075979,111.80438907098936,128.16422397381808,218.45599365234375,133.59800720214844,254.26400756835938,133.47500610351562
76.3,14.03035391723033,18.9564133258264,18.871100535331212,35.87720974990964,111.99838931513167,128.4272092033829,218.64999389648438,133.59800720214844,254.52699279785156,133.47500610351562
76.35000000000001,14.170105998291083,18.785773326609977,18.871100535460393,35.94221180999011,112.19438846064067,128.68821079037468,218.8459930419922,133.59800720214844,254.78799438476562,133.47500610351562
76.4,14.318605957817782,18.956449375054675,18.871104140482682,36.00720201448358,112.39240425023779,128.95121127872855,219.04400634765625,133.5989990234375,255.05099487304688,133.47500610351562
76.45,14.476536991824153,18.785773326758836,18.871104140607738,36.06721447663811,112.59339301976915,129.21221286572035,219.2449951171875,133.5989990234375,255.31199645996094,133.47500610351562
76.5,14.642209122938613,18.95644937531882,18.87110414074491,36.12820349672192,112.79540412816759,129.4752133540742,219.44700622558594,133.5989990234375,255.5749969482422,133.47500610351562
76.55,14.813642187207199,18.785773327072892,18.87110414087636,36.18421818198496,113.00039070043333,129.736214941066,219.65199279785156,133.5989990234375,255.83599853515625,133.47500610351562
76.60000000000001,14.988386602605528,18.956449375591834,18.87110414101523,36.24021760956713,113.20739143285557,129.99921542941988,219.85899353027344,133.5989990234375,256.0989990234375,133.47500610351562
76.65,15.163129303011788,18.785773327334702,18.871104141150983,36.29220062503549,113.41739814672319,130.26121071504716,220.06900024414062,133.5989990234375,256.3609924316406,133.4759979248047
76.7,15.334957198441314,18.9564493759173,18.871107746181416,36.34319520561418,113.6294037619579,130.52421120340102,220.281005859375,133.5989990234375,256.6239929199219,133.4759979248047
76.75,15.501853255229962,18.78577332756359,18.8711077463049,36.39022252451557,113.84339301977056,130.78522804918018,220.4949951171875,133.5989990234375,256.885009765625,133.4759979248047
76.80000000000001,15.662990078792665,18.956449376217872,18.871111351344048,36.436212252368136,114.06040351781746,131.04822853753404,220.71200561523438,133.5989990234375,257.14801025390625,133.4759979248047
76.85000000000001,15.818834583509494,18.785773327834477,18.8711113514665,36.47820420087138,114.27939765844246,131.30921486573484,220.93099975585938,133.5989990234375,257.40899658203125,133.4759979248047
76.9,15.970933428326022,18.956413327656595,18.871107746726693,36.52021481438723,114.50039299508842,131.57221535409036,221.15199279785156,133.60000610351562,257.6719970703125,133.4759979248047
76.95,16.12055004728405,18.785773328145435,18.871107746865356,36.558224239040655,114.72340019723697,131.8332321998693,221.375,133.60000610351562,257.9330139160156,133.4759979248047
77.0,16.269157306821594,18.956449376854888,18.87110774701896,36.596218405448234,114.94840630075275,132.0962326882248,221.60000610351562,133.60000610351562,258.1960144042969,133.4759979248047
77.05000000000001,16.418233193862132,18.785773328476104,18.871107747159282,36.63122186678769,115.17539604684666,132.35822609650344,221.82699584960938,133.60000610351562,258.4580078125,133.4759979248047
77.10000000000001,16.568965621793062,18.95644937717612,18.871107747317712,36.66521825419298,115.40439995309677,132.6212265848592,222.05599975585938,133.60000610351562,258.72100830078125,133.4759979248047
77.15,16.72210989641909,18.785773328835266,18.871107747467768,36.694206398112215,115.63639458200306,132.88221485608636,222.28799438476562,133.60000610351562,258.98199462890625,133.4770050048828
77.2,16.877810218564754,18.956449377463553,18.871107747622393,36.72420500900905,115.86939629098747,133.1452153444421,222.52099609375,133.60000610351562,259.2449951171875,133.4770050048828
77.25,17.035561869158506,18.785773329054642,18.871107747771497,36.74921402410167,116.10540398141715,133.40623219022126,222.7570037841797,133.60000610351562,259.5060119628906,133.4770050048828
77.30000000000001,17.19439328732008,18.956413328869186,18.87110414303663,36.77422303938549,116.34339531442498,133.66923267857797,222.9949951171875,133.60000610351562,259.7690124511719,133.4770050048828
77.35000000000001,17.353442712164398,18.785773329380632,18.871104143191246,36.79520375705176,116.58340080758906,133.93021900677974,223.23500061035156,133.60000610351562,260.0299987792969,133.4770050048828
77.4,17.511913670178824,18.9564493781623,18.871107748241815,36.81620306054155,116.82540723453248,134.19321949513525,223.4770050048828,133.6009979248047,260.2929992675781,133.4770050048828
77.45,17.669162364447452,18.78577332969055,18.871107748396327,36.83320125519798,117.07040235171999,134.4552129034139,223.7220001220703,133.6009979248047,260.55499267578125,133.4770050048828
77.5,17.824790577219865,18.956449378411012,18.87110774855194,36.8492076342696,117.31739637027468,134.7182133917694,223.968994140625,133.6009979248047,260.8179931640625,133.4770050048828
77.55000000000001,17.978690177253753,18.7857733300613,18.871107748710457,36.86222330768084,117.56539746890749,134.97923023754834,224.2169952392578,133.6009979248047,261.0790100097656,133.4770050048828
77.60000000000001,18.131189423102597,18.956449378718002,18.871107748864645,36.874216648448154,117.81640460317773,135.2422307259048,224.46800231933594,133.6009979248047,261.3420104980469,133.4770050048828
77.65,18.282423439192513,18.78577333037715,18.871107749018833,36.881201813794746,118.07040242723232,135.5032189386984,224.7220001220703,133.6009979248047,261.6029968261719,133.47799682617188
77.7,18.433045366886855,18.95644937902978,18.871107749175458,36.88919737516268,118.32540731301948,135.76621942705486,224.9770050048828,133.6009979248047,261.8659973144531,133.47799682617188
77.75,18.584749362272863,18.785773330683337,18.871107749338325,36.894202230142795,118.58239583845146,136.0282128353335,225.23399353027344,133.6009979248047,262.12799072265625,133.47799682617188
77.80000000000001,18.73872284370164,18.95644937932043,18.871111354383448,36.897223453541585,118.84139852426988,136.29023676119024,225.4929962158203,133.6009979248047,262.3900146484375,133.47799682617188
77.85000000000001,18.893954548929624,18.78577333096763,18.871111354542148,36.89721156560143,119.10340912735981,136.55223016946888,225.7550048828125,133.6020050048828,262.6520080566406,133.47799682617188
77.9,19.049654866508387,18.956449379684713,18.871111354694392,36.89621974981299,119.36740143768168,136.81523065782534,226.0189971923828,133.6020050048828,262.9150085449219,133.47799682617188
77.95,19.205174929036776,18.78577333129209,18.871111354854545,36.89119963639711,119.63340790806976,137.07621698602614,226.28500366210938,133.6020050048828,263.1759948730469,133.47799682617188
78.0,19.359757709293397,18.95644937999085,18.87111135501253,36.886210040502036,119.90139802088116,137.3392174743826,226.55299377441406,133.6020050048828,263.4389953613281,133.47799682617188
78.05000000000001,19.51308221863581,18.78577333159575,18.871111355165976,36.87722266442547,120.17140229369937,137.60023432016152,226.822998046875,133.6020050048828,263.70001220703125,133.47799682617188
78.10000000000001,19.66496656174284,18.956449380306008,18.87111135532478,36.86822002976309,120.44340546776807,137.86323480851797,227.09500122070312,133.6020050048828,263.9630126953125,133.47799682617188
78.15,19.809685676146877,18.785773331947116,18.871111355481776,36.85621143063937,120.7174075431202,138.12522821679661,227.36900329589844,133.6020050048828,264.2250061035156,133.47799682617188
78.2,19.954909453899365,18.956449380634517,18.87111135564225,36.84121207456415,120.99440211676428,138.3872235606326,227.64599609375,133.60299682617188,264.48699951171875,133.47900390625
78.25,20.11658698748752,18.785773332241874,18.871111355798107,36.82520569547212,121.27240199475426,138.64921696891125,227.9239959716797,133.60299682617188,264.7489929199219,133.47900390625
78.30000000000001,20.290285994014862,18.956449380929307,18.871111355958995,36.807200426503094,121.55340785416232,138.9122174572677,228.2050018310547,133.60299682617188,265.0119934082031,133.47900390625
78.35000000000001,20.47215780352793,18.785773332536657,18.871111356115897,36.78521263625657,121.83641261492137,139.17323430304663,228.48800659179688,133.60299682617188,265.27301025390625,133.47900390625
78.4,20.65755897735455,18.956449381240517,18.871111356271477,36.76221777187366,122.12240809832753,139.43623479140308,228.7740020751953,133.60299682617188,265.5360107421875,133.47900390625
78.45,20.841121670342133,18.785773332853804,18.87111135642765,36.734202794591454,122.41140956317511,139.69722111960388,229.06300354003906,133.60299682617188,265.7969970703125,133.47900390625
78.5,21.018818680594148,18.95644938156413,18.87111135658498,36.707210150647164,122.70140284931004,139.96022160796034,229.35299682617188,133.60299682617188,266.05999755859375,133.47900390625
78.55000000000001,21.187982412471676,18.785773333182863,18.87111135674369,36.67520081255906,122.99541092177294,140.22221501623898,229.64700317382812,133.60400390625,266.3219909667969,133.47900390625
78.60000000000001,21.34782319731573,18.95644938191222,18.871111356904315,36.64222676111567,123.29040909071945,140.48423894209571,229.94200134277344,133.60400390625,266.5840148925781,133.47900390625
78.65,21.499597609364145,18.78577333349871,18.871111357059473,36.60621622863841,123.58841324111147,140.74623235037436,230.24000549316406,133.60400390625,266.84600830078125,133.47900390625
78.7,21.645217961204917,18.956449382170657,18.87111135721309,36.56922576306774,123.88840103408175,141.0092347088908,230.5399932861328,133.60400390625,267.1090087890625,133.47999572753906
78.75,21.78691412419826,18.78577333380262,18.87111135736916,36.52821037412575,124.19040298720792,141.2702210370916,230.8419952392578,133.60400390625,267.3699951171875,133.47999572753906
78.80000000000001,21.91802565655579,18.956449382481964,18.871111357524423,36.48721024447175,124.49440384170147,141.53322152544806,231.14599609375,133.60400390625,267.63299560546875,133.47999572753906
78.85000000000001,22.0431255958735,18.785773334125732,18.871111357683333,36.4432194099506,124.79941177627317,141.79423837122698,231.4510040283203,133.60400390625,267.8940124511719,133.47999572753906
78.9,22.192886411786294,18.95644938283013,18.871111357842295,36.39923196864041,125.10640495559485,142.05723885958344,231.75799560546875,133.60499572753906,268.1570129394531,133.47999572753906
78.95,22.377891034671176,18.785773334463858,18.8711113580033,36.35122810166027,125.41640251418862,142.31923226786208,232.0679931640625,133.60499572753906,268.41900634765625,133.47999572753906
79.0,22.589606202152382,18.95644938310594,18.87111135815748,36.30021827186466,125.72940605422845,142.58122567614072,232.38099670410156,133.60499572753906,268.6809997558594,133.47999572753906
79.05000000000001,22.81745069319197,18.78577333479486,18.87111135831868,36.24720955338288,126.04440849563676,142.84321908441936,232.6959991455078,133.60499572753906,268.9429931640625,133.47999572753906
79.10000000000001,23.05087419450882,18.956449383431494,18.871111358470607,36.19121013106239,126.36340873978087,143.1062195727758,233.01499938964844,133.60499572753906,269.20599365234375,133.47999572753906
79.15,23.272310593561663,18.785773335091193,18.871111358629854,36.13022111555236,126.68541496536989,143.36723641855474,233.33700561523438,133.60499572753906,269.4670104980469,133.47999572753906
79.2,23.48175817872752,18.956449383794144,18.871111358792202,36.06822155116798,127.01041191361338,143.63023883505699,233.66200256347656,133.60499572753906,269.7300109863281,133.4810028076172
79.25,23.68346721948961,18.785773335374593,18.8711113589494,36.00120882892282,127.33841638933649,143.8912251632578,233.99000549316406,133.6060028076172,269.9909973144531,133.4810028076172
79.30000000000001,23.83934610471986,18.956449384107824,18.871111359111985,35.93420789080169,127.66841822039117,144.15422565161424,234.32000732421875,133.6060028076172,270.2539978027344,133.4810028076172
79.35000000000001,23.944646649606995,18.78577333571765,18.87111135927118,35.86421624963654,128.00040369402547,144.41621905989288,234.65199279785156,133.6060028076172,270.5159912109375,133.4810028076172
79.4,24.022694188700846,18.956449384402873,18.871111359428454,35.7922409797034,128.33440332781976,144.67824298574962,234.98599243164062,133.6060028076172,270.77801513671875,133.4810028076172
79.45,24.08810742295681,18.785773336017137,18.871111359583782,35.720219935388826,128.66841822040573,144.94023639402826,235.32000732421875,133.6060028076172,271.0400085449219,133.4810028076172
79.5,24.155894723798845,18.95644938476136,18.871111359749325,35.648229410300345,129.00340967549195,145.20323688238472,235.65499877929688,133.6060028076172,271.3030090332031,133.4810028076172
79.55000000000001,24.238190856521257,18.785773336268687,18.871111359896705,35.57322116432792,129.33940967451014,145.46422321058552,235.99099731445312,133.60699462890625,271.5639953613281,133.4810028076172
79.60000000000001,24.343958263829496,18.956449385038987,18.87111136005745,35.498224687486875,129.6774071110364,145.72722369894197,236.32899475097656,133.60699462890625,271.8269958496094,133.4810028076172
79.65,24.476331491495515,18.7857733366771,18.87111136021604,35.42023750885196,130.0164116276385,145.9882405447209,236.66799926757812,133.60699462890625,272.0880126953125,133.4810028076172
79.7,24.633326137009707,18.956449385358894,18.871111360372517,35.342231551921785,130.3574150456073,146.25124290323734,237.00900268554688,133.60699462890625,272.35101318359375,133.48199462890625
79.75,24.809114280678013,18.785773336960617,18.87111136053112,35.26023133355529,130.70140918623315,146.51323631151598,237.35299682617188,133.60699462890625,272.6130065917969,133.48199462890625
79.80000000000001,24.995559211058126,18.956449385682518,18.871111360688587,35.177224043923474,131.04741748701642,146.77623679987244,237.69900512695312,133.60699462890625,272.8760070800781,133.48199462890625
79.85000000000001,25.184091547245707,18.785773337224125,18.871111360839233,35.090218979336875,131.3954094303782,147.03722312807324,238.0469970703125,133.60699462890625,273.1369934082031,133.48199462890625
79.9,25.36704322860463,18.956449385977685,18.871111360996714,35.001218640001824,131.74741587587917,147.3002236164297,238.3990020751953,133.60800170898438,273.3999938964844,133.48199462890625
79.95,25.538979331999617,18.785773337568543,18.871111361151854,34.909239257137536,132.10041270205232,147.56124046220862,238.7519989013672,133.60800170898438,273.6610107421875,133.48199462890625
80.0,25.697019436720215,18.956449386298736,18.871111361305594,34.8152457305226,132.45740733095897,147.82424095056507,239.10899353027344,133.60800170898438,273.92401123046875,133.48199462890625
80.05000000000001,25.841343773486297,18.78577333784287,18.871111361463015,34.71823098683402,132.81540903994338,148.08522727876587,239.4669952392578,133.60800170898438,274.18499755859375,133.48199462890625
80.10000000000001,25.97443457582481,18.95644938661439,18.871111361620557,34.62123150546194,133.17540965029502,148.34822776712232,239.82699584960938,133.60800170898438,274.447998046875,133.48199462890625
80.15,26.100507842012043,18.785773338230587,18.871111361775906,34.522221515312985,133.53641870317193,148.61022117540097,240.18800354003906,133.60899353027344,274.7099914550781,133.48199462890625
80.2,26.224491981314312,18.95644938696186,18.8711113619362,34.421224275959105,133.90041711625844,148.87322166375742,240.552001953125,133.60899353027344,274.9729919433594,133.48199462890625
80.25,26.34289540097575,18.785773338519856,18.871111362092126,34.317232626244916,134.26542260942315,149.1342404523353,240.91700744628906,133.60899353027344,275.2340087890625,133.48300170898438
80.30000000000001,26.460002771218758,18.956449387223564,18.87111136224623,34.2132446817794,134.632411745166,149.39724094069174,241.28399658203125,133.60899353027344,275.49700927734375,133.48300170898438
80.35000000000001,26.592806862844228,18.785773338854202,18.871111362409234,34.10522844871416,135.00141504106475,149.65822726889255,241.6529998779297,133.60899353027344,275.75799560546875,133.48300170898438
80.4,26.740911140437778,18.9564493875823,18.871111362569696,33.99823455222537,135.37141015825227,149.921227757249,242.0229949951172,133.60899353027344,276.02099609375,133.48300170898438
80.45,26.90391907306265,18.78577333912983,18.871111362725824,33.88625483013357,135.74441261640987,150.18224460302793,242.39599609375,133.61000061035156,276.2820129394531,133.48300170898438
80.5,27.079887473758685,18.956449387913427,18.871111362887294,33.774256107632645,136.11941261641036,150.44524509138438,242.77099609375,133.61000061035156,276.5450134277344,133.48300170898438
80.55000000000001,27.263702500323372,18.78577333948039,18.871111363051046,33.65824435736455,136.49741859785652,150.70723849966302,243.1490020751953,133.61000061035156,276.8070068359375,133.48300170898438
80.60000000000001,27.449356048155074,18.956449388225188,18.871111363212126,33.5412407986707,136.87742348067013,150.97023898801947,243.5290069580078,133.61000061035156,277.07000732421875,133.48300170898438
80.65,27.631694811974914,18.785773339808575,18.871111363369923,33.41923239908834,137.2604190861398,151.2312253162193,243.91200256347656,133.61000061035156,277.33099365234375,133.48300170898438
80.7,27.806547423891267,18.95644938857386,18.871111363531124,33.29724306235099,137.64541487053714,151.49422580457482,244.2969970703125,133.61099243164062,277.593994140625,133.48300170898438
80.75,27.97146255213343,18.785773340127808,18.87111136369192,33.170256549247355,138.0334153588186,151.75524453472622,244.68499755859375,133.61099243164062,277.8550109863281,133.48399353027344
80.80000000000001,28.11560663925926,18.956449388861202,18.871111363855682,33.044250396291595,138.42242292717796,152.01824502308267,245.07400512695312,133.61099243164062,278.1180114746094,133.48399353027344
80.85000000000001,28.217055086820412,18.78577334045462,18.871111364015725,32.91424647738953,138.81442121819407,152.2802384313613,245.46600341796875,133.61099243164062,278.3800048828125,133.48399353027344
80.9,28.277248127360004,18.956449389209926,18.87111136417849,32.78424256619039,139.20641950921254,152.54223183963995,245.85800170898438,133.61099243164062,278.6419982910156,133.48399353027344
80.95,28.31929477219391,18.785773340781308,18.871111364343637,32.653235522588865,139.5994261706358,152.8042252479186,246.25100708007812,133.61199951171875,278.90399169921875,133.48399353027344
81.0,28.35903941732865,18.956449389521794,18.871111364504472,32.52223982912411,139.99342336302482,153.06722573627505,246.64500427246094,133.61199951171875,279.1669921875,133.48399353027344
81.05000000000001,28.411346238118984,18.785773341091748,18.87111136466561,32.38926051668606,140.3874205554128,153.32824258205397,247.03900146484375,133.61199951171875,279.4280090332031,133.48399353027344
81.10000000000001,28.4855793799044,18.95644938983098,18.871111364826188,32.25725776764973,140.7824248278764,153.59124307041043,247.4340057373047,133.61199951171875,279.6910095214844,133.48399353027344
81.15,28.589978602873177,18.785773341400823,18.871111364985413,32.121257256069555,141.17941274291616,153.85222939861123,247.83099365234375,133.61199951171875,279.9519958496094,133.48399353027344
81.2,28.722854766889913,18.956449390161083,18.871111365144134,31.986252613139197,141.57742427092109,154.11522988696768,248.22900390625,133.61300659179688,280.2149963378906,133.48399353027344
81.25,28.866133643024977,18.785773341746836,18.87111136530604,31.848249188587975,141.9774181674061,154.37722523080367,248.62899780273438,133.61300659179688,280.47698974609375,133.48500061035156
81.30000000000001,29.014490283463456,18.956449390490416,18.87111136546896,31.708266193438025,142.37942622404796,154.6392491566604,249.031005859375,133.61300659179688,280.739013671875,133.48500061035156
81.35000000000001,29.154277596717158,18.785773341999047,18.871111365623403,31.565261992904603,142.78442500334614,154.90124256493905,249.43600463867188,133.61300659179688,281.0010070800781,133.48500061035156
81.4,29.26724796885702,18.956449390769503,18.871111365779363,31.423264874808158,143.18942378264347,155.1642430532955,249.84100341796875,133.61300659179688,281.2640075683594,133.48500061035156
81.45,29.36739865541264,18.785773342294565,18.871111365930687,31.276267001397798,143.59741449015218,155.4252293814963,250.24899291992188,133.61399841308594,281.5249938964844,133.48500061035156
81.5,29.456353568385783,18.95644939108149,18.87111136608666,31.131263968067056,144.00541925089442,155.68822986985276,250.65699768066406,133.61399841308594,281.7879943847656,133.48500061035156
81.55000000000001,29.52486359525284,18.785773342616967,18.87111136623918,30.982278436838154,144.4154229130043,155.9492467156317,251.06700134277344,133.61399841308594,282.04901123046875,133.48500061035156
81.60000000000001,29.568891255322498,18.95644939142142,18.871111366398225,30.834284730700062,144.82641839640402,156.21224720398814,251.47799682617188,133.61399841308594,282.31201171875,133.48500061035156
81.65,29.58631480960776,18.7857733429394,18.871111366552082,30.68627577827494,145.2364220585161,156.47424061226678,251.88800048828125,133.61399841308594,282.5740051269531,133.48500061035156
81.7,29.577566844274397,18.956449391736424,18.871111366709616,30.53727929687415,145.64741877576327,156.73623402054542,252.2989959716797,133.61500549316406,282.83599853515625,133.48500061035156
81.75,29.547361183622115,18.785773343242596,18.87111136685919,30.388259092933993,146.05842951795677,156.9982293061727,252.7100067138672,133.61500549316406,283.0979919433594,133.48599243164062
81.80000000000001,29.503117038437217,18.95644939208339,18.87111136701849,30.241272509028995,146.46841792128433,157.26122979452916,253.1199951171875,133.61500549316406,283.3609924316406,133.48599243164062
81.85000000000001,29.45181760636397,18.785773343608426,18.871111367179424,30.093278867242546,146.87742976211146,157.52224664030808,253.5290069580078,133.61500549316406,283.62200927734375,133.48599243164062
81.9,29.399580912358594,18.956449392342122,18.871111367336685,29.947284121711604,147.28642634414874,157.78524712866454,253.93800354003906,133.61500549316406,283.885009765625,133.48599243164062
81.95,29.351556800584316,18.78577334387577,18.871111367494805,29.800282318691256,147.69441584610615,158.04623345686534,254.3459930419922,133.61500549316406,284.14599609375,133.48599243164062
82.0,29.310303049318705,18.95644939269115,18.87111136765577,29.65627555496201,148.1014299940099,158.3092339452218,254.7530059814453,133.61599731445312,284.40899658203125,133.48599243164062
82.05000000000001,29.27678434733565,18.785773344199733,18.871111367814045,29.511272682596175,148.50842767467526,158.57122735350043,255.16000366210938,133.61599731445312,284.6709899902344,133.48599243164062
82.10000000000001,29.25043424750098,18.95644939298081,18.871111367969984,29.36730741160691,148.9144182752617,158.83325127935717,255.5659942626953,133.61599731445312,284.9330139160156,133.48599243164062
82.15,29.227682186597054,18.78577334450924,18.871111368126968,29.223296378477176,149.32042413463685,159.0952446876358,255.9720001220703,133.61599731445312,285.19500732421875,133.48599243164062
82.2,29.203488182056496,18.95644939334836,18.87111136828816,29.08030768810373,149.72641473522282,159.35824517599227,256.37799072265625,133.61599731445312,285.4580078125,133.48599243164062
82.25,29.17314184121756,18.785773344865934,18.871111368450496,28.936292176093044,150.13141351451972,159.6192334472192,256.7829895019531,133.61599731445312,285.718994140625,133.48699951171875
82.30000000000001,29.133972111533925,18.95644939362363,18.87111136860452,28.794295303089267,150.53641229381665,159.88223393557564,257.18798828125,133.61599731445312,285.98199462890625,133.48699951171875
82.35000000000001,29.082205864791142,18.785773345184143,18.871111368762094,28.650319373676286,150.941412325227,160.14325078135457,257.5929870605469,133.61700439453125,286.2430114746094,133.48699951171875
82.4,29.013984160410036,18.956449393936225,18.871111368921504,28.510306173818297,151.34442746194614,160.40625126971102,257.9960021972656,133.61700439453125,286.5060119628906,133.48699951171875
82.45,28.930429652083724,18.785773345496356,18.87111136908356,28.370292988196724,151.7464355185878,160.66824467798966,258.39801025390625,133.61700439453125,286.76800537109375,133.48699951171875
82.5,28.833660646139332,18.956449394282053,18.87111136924265,28.23128688654417,152.14743649515182,160.9302380862683,258.79901123046875,133.61700439453125,287.0299987792969,133.48699951171875
82.55000000000001,28.734193119892993,18.785773345761044,18.871111369398783,28.09328786864093,152.54743039163804,161.19223149454695,259.1990051269531,133.61700439453125,287.2919921875,133.48699951171875
82.60000000000001,28.6499536853957,18.956449394597666,18.87111136956047,27.958310072883027,152.9454101279675,161.4552319829034,259.59698486328125,133.61700439453125,287.55499267578125,133.48699951171875
82.65,28.584828762538983,18.785773346119658,18.87111136972151,27.82131815299118,153.34342038187415,161.71624882868232,259.9949951171875,133.61700439453125,287.8160095214844,133.48699951171875
82.7,28.530685033867044,18.956449394904986,18.871111369877177,27.68832400655058,153.73941647562418,161.97924931703878,260.3909912109375,133.61700439453125,288.0790100097656,133.48699951171875
82.75,28.482661050470195,18.78577334642751,18.871111370033333,27.553320433961783,154.13541381144194,162.24023564523958,260.7869873046875,133.6179962158203,288.3399963378906,133.48699951171875
82.80000000000001,28.434925467479722,18.95644939525424,18.871111370196395,27.42129809773678,154.53043334269208,162.50323806174183,261.1820068359375,133.6179962158203,288.6029968261719,133.48800659179688
82.85000000000001,28.38232844343005,18.785773346730814,18.871111370351063,27.288303993869526,154.92542235636407,162.76523147002047,261.5769958496094,133.6179962158203,288.864990234375,133.48800659179688
82.9,28.31979737560917,18.95644939556753,18.871111370514193,27.158300593165567,155.31842772745787,163.02823195837692,261.9700012207031,133.6179962158203,289.12799072265625,133.48800659179688
82.95,28.24412563071254,18.78577334702669,18.87111137066723,27.026313587021697,155.71143309855162,163.28924880415585,262.3630065917969,133.6179962158203,289.3890075683594,133.48800659179688
83.0,28.15365667200693,18.95644939586344,18.871111370825368,26.897317283576047,156.1034313895674,163.5522492925123,262.7550048828125,133.6179962158203,289.6520080566406,133.48800659179688
83.05000000000001,28.04835787978188,18.785773347291254,18.871111370978387,26.768320994517122,156.49341552042742,163.8132356207131,263.1449890136719,133.6179962158203,289.9129943847656,133.48800659179688
83.10000000000001,27.93106853556912,18.956449396142908,18.871111371132912,26.64332247532448,156.88141600870975,164.07623610906955,263.5329895019531,133.6179962158203,290.1759948730469,133.48800659179688
83.15,27.806220934647527,18.78577334762452,18.871111371283398,26.51731690205147,157.26843993449248,164.33725295484848,263.9200134277344,133.6179962158203,290.43701171875,133.48800659179688
83.2,27.67813408311482,18.956449396467768,18.871111371439675,26.395339614684026,157.6534191825408,164.60025344320493,264.30499267578125,133.6179962158203,290.70001220703125,133.48800659179688
83.25,27.550620582595148,18.78577334795482,18.87111137159241,26.273331823722735,158.03742186808907,164.86224685148358,264.6889953613281,133.6179962158203,290.9620056152344,133.48800659179688
83.30000000000001,27.426924829280974,18.956449396817153,18.871111371748704,26.155321875885328,158.41843516192122,165.12524921000002,265.07000732421875,133.61900329589844,291.2250061035156,133.48899841308594
83.35000000000001,27.31716112395715,18.785773348271853,18.871111371902806,26.03630479812131,158.79844004473415,165.38623553820082,265.45001220703125,133.61900329589844,291.4859924316406,133.48899841308594
83.4,27.23932988283628,18.95644939711249,18.8711113720573,25.920308936214084,159.17743784746852,165.64923602655728,265.8290100097656,133.61900329589844,291.7489929199219,133.48899841308594
83.45,27.19274618232514,18.78577334856201,18.87111137221083,25.803336537202618,159.55542857012534,165.9102528723362,266.2070007324219,133.61900329589844,292.010009765625,133.48899841308594
83.5,27.159878253231557,18.956449397422684,18.871111372366755,25.689324318883667,159.93244273028333,166.17325336069266,266.5840148925781,133.61900329589844,292.27301025390625,133.48899841308594
83.55000000000001,27.12844886399203,18.785773348884764,18.871111372526105,25.573328496515078,160.30942637286398,166.43423968889346,266.96099853515625,133.61900329589844,292.53399658203125,133.48899841308594
83.60000000000001,27.086905189377216,18.95644939773816,18.87111137268563,25.459316304520723,160.6864405330223,166.6972401772499,267.3380126953125,133.61900329589844,292.7969970703125,133.48899841308594
83.65,27.02642553642501,18.785773349240657,18.871111372847245,25.34631119260476,161.06144053302333,166.95923358552855,267.7130126953125,133.61900329589844,293.0589904785156,133.48899841308594
83.7,26.946038298106405,18.95644939807867,18.871111373008333,25.234318289982266,161.43644184463378,167.222234073885,268.0880126953125,133.6199951171875,293.3219909667969,133.48899841308594
83.75,26.845273120589017,18.785773349490327,18.87111137316188,25.121343744866042,161.8104347645557,167.48325091966393,268.4620056152344,133.6199951171875,293.5830078125,133.48899841308594
83.80000000000001,26.714341865915333,18.956449398379075,18.871111373318072,25.013338256753087,162.18143696182221,167.74625333616618,268.8330078125,133.6199951171875,293.84600830078125,133.49000549316406
83.85000000000001,26.55777810969384,18.785773349888416,18.871111373479728,24.904330946097915,162.55143207901224,168.00723966436698,269.2030029296875,133.6199951171875,294.10699462890625,133.49000549316406
83.9,26.381413175819517,18.956413349786455,18.871107768747127,24.79932139631026,162.91944355362577,168.27024015272343,269.5710144042969,133.6199951171875,294.3699951171875,133.49000549316406
83.95,26.184853983209543,18.785773350166465,18.87110776890757,24.6973330570552,163.2834267079287,168.53223356100207,269.93499755859375,133.6199951171875,294.6319885253906,133.49000549316406
84.0,25.98285830048079,18.956449399021416,18.871107769067443,24.59735886155893,163.645426219654,168.7942574868588,270.2969970703125,133.6199951171875,294.8940124511719,133.49000549316406
84.05000000000001,25.787377151126517,18.78577335049397,18.871107769228367,24.499343138961645,164.00544349736063,169.05625089513745,270.6570129394531,133.62100219726562,295.156005859375,133.49000549316406
84.10000000000001,25.608169503366263,18.95644939930045,18.871107769384594,24.406357412755995,164.36143104619205,169.3192513834939,271.01300048828125,133.62100219726562,295.41900634765625,133.49000549316406
84.15,25.45067016607656,18.785773350814377,18.871107769541965,24.312334114102946,164.71644203252134,169.5802377116947,271.3680114746094,133.62100219726562,295.67999267578125,133.49000549316406
84.2,25.317397403823747,18.956449399662546,18.87110776970035,24.223346152815452,165.06843177861518,169.84323820005116,271.7200012207031,133.62100219726562,295.9429931640625,133.49000549316406
84.25,25.207381365185636,18.785773351086476,18.871107769859968,24.13335113578854,165.41944496220924,170.1042550458301,272.0710144042969,133.62100219726562,296.2040100097656,133.49000549316406
84.30000000000001,25.113853410970627,18.956449399955396,18.871107770017602,24.047348489679404,165.76844398564793,170.36725740434653,272.4200134277344,133.62100219726562,296.4670104980469,133.49099731445312
84.35000000000001,25.027021981981534,18.785773351461902,18.87110777017495,23.96135121576026,166.11643592900944,170.62925081262517,272.76800537109375,133.62100219726562,296.72900390625,133.49099731445312
84.4,24.937776994777256,18.95644940030509,18.87111137522681,23.876366437126723,166.4634222098007,170.89124422090381,273.114990234375,133.6219940185547,296.9909973144531,133.49099731445312
84.45,24.838778208699182,18.785773351761147,18.87111137538628,23.793359878287486,166.80842343050537,171.15323762918246,273.4599914550781,133.6219940185547,297.25299072265625,133.49099731445312
84.5,24.72458566691245,18.95644940061783,18.871111375545922,23.71236745770735,167.152417571131,171.4162381175389,273.8039855957031,133.6219940185547,297.5159912109375,133.49099731445312
84.55000000000001,24.593366017010897,18.785773352012942,18.87111137569782,23.630367980898463,167.49543514925605,171.67725496331784,274.1470031738281,133.6219940185547,297.7770080566406,133.49099731445312
84.60000000000001,24.445297787437195,18.956449400914117,18.871111375859186,23.553373318286333,167.83543148714676,171.9402554516743,274.48699951171875,133.6219940185547,298.0400085449219,133.49099731445312
84.65,24.2884095882911,18.78577335237318,18.87111137601507,23.476348146289414,168.1734441824598,172.2012417798751,274.82501220703125,133.6219940185547,298.3009948730469,133.49099731445312
84.7,24.140197156430524,18.9564494012233,18.871111376171143,23.403351239423397,168.50944271761676,172.46424226823154,275.1610107421875,133.6219940185547,298.5639953613281,133.49099731445312
84.75,24.015746088737515,18.785773352696964,18.87111137633219,23.330360015977313,168.844435686477,172.72623567651019,275.4960021972656,133.6230010986328,298.82598876953125,133.49099731445312
84.80000000000001,23.92657316384589,18.956449401586216,18.87111137649527,23.260384332842897,169.17643641889893,172.98825960236692,275.8280029296875,133.6230010986328,299.0880126953125,133.49099731445312
84.85000000000001,23.879017857507296,18.785773353039204,18.871111376653005,23.19037242872923,169.50843715132217,173.25025494620292,276.1600036621094,133.6230010986328,299.3500061035156,133.49200439453125
84.9,23.871710299644207,18.956449401934997,18.871111376815996,23.121373288771007,169.84043788374888,173.51325543455937,276.49200439453125,133.6230010986328,299.6130065917969,133.49200439453125
84.95,23.896082878682577,18.78577335336107,18.87111137697599,23.050360027725723,170.1724386161798,173.77424176276017,276.8240051269531,133.6230010986328,299.8739929199219,133.49200439453125
85.0,23.940469478884776,18.956449402227356,18.87111137713694,22.9813609012501,170.50443934861397,174.03724225111662,277.156005859375,133.6230010986328,300.1369934082031,133.49200439453125
85.05000000000001,23.992742209332935,18.785773353678533,18.8711113773035,22.909371107665788,170.83744716112687,174.29825909689555,277.489013671875,133.6230010986328,300.39801025390625,133.49200439453125
85.10000000000001,24.042422859075753,18.95644940252714,18.871111377464803,22.83940115875824,171.1704259331988,174.561259585252,277.8219909667969,133.62399291992188,300.6610107421875,133.49200439453125
85.15,24.082238125121187,18.785773354009873,18.871111377628473,22.766373817658895,171.5054479058626,174.82325299353064,278.1570129394531,133.62399291992188,300.9230041503906,133.49200439453125
85.2,24.108950432180627,18.956449402873684,18.87111137779351,22.694384064612773,171.83943228086665,175.0852464018093,278.4909973144531,133.62399291992188,301.18499755859375,133.49200439453125
85.25,24.123279115846042,18.785773354295692,18.871111377953383,22.621387256274378,172.17442373594648,175.34723981008793,278.82598876953125,133.62399291992188,301.4469909667969,133.49200439453125
85.30000000000001,24.12929079441778,18.956449403181658,18.87111137811293,22.54936700180026,172.5094457086032,175.61024029844438,279.1610107421875,133.62399291992188,301.7099914550781,133.49200439453125
85.35000000000001,24.132998753961115,18.785773354641613,18.871111378273167,22.4743807981661,172.84544424375954,175.87125902859577,279.49700927734375,133.62399291992188,301.97100830078125,133.4929962158203
85.4,24.1410274273673,18.956449403500656,18.87111137842973,22.40239105825752,173.18043569883767,176.13425951695223,279.8320007324219,133.62399291992188,302.2340087890625,133.4929962158203
85.45,24.153086709453444,18.78577335496949,18.871111378590573,22.328393131755753,173.51542866769768,176.39524584515206,280.1669921875,133.625,302.4949951171875,133.4929962158203
85.5,24.166982767864063,18.956449403849604,18.871111378752797,22.25539636478976,173.85142720285393,176.65824633350758,280.50299072265625,133.625,302.75799560546875,133.4929962158203
85.55000000000001,24.182283009180583,18.785773355243617,18.871111378909305,22.18139254392246,174.1874257380102,176.92023974178622,280.8389892578125,133.625,303.0199890136719,133.4929962158203
85.60000000000001,24.190347710321944,18.956449404155638,18.871111379072154,22.10741924891336,174.52342427316646,177.18226366764296,281.17498779296875,133.625,303.2820129394531,133.4929962158203
85.65,24.184767020508826,18.785773355555047,18.871111379226672,22.034391990592525,174.85844624582273,177.4442570759216,281.510009765625,133.625,303.54400634765625,133.4929962158203
85.7,24.161548100471652,18.956449404488144,18.871111379388118,21.961401334429624,175.19444629022394,177.70725756427805,281.84600830078125,133.62600708007812,303.8070068359375,133.4929962158203
85.75,24.118742599128012,18.78577335589363,18.871111379547916,21.88739756936622,175.5294377453029,177.96824389247885,282.1809997558594,133.62600708007812,304.0679931640625,133.4929962158203
85.80000000000001,24.056644048887385,18.956449404782713,18.87111137970802,21.81540793633634,175.864429200383,178.2312443808353,282.5159912109375,133.62600708007812,304.33099365234375,133.4929962158203
85.85000000000001,23.9834544574505,18.78577335618418,18.871111379862278,21.743412174773983,176.1974370128858,178.49226316941318,282.8489990234375,133.62600708007812,304.5920104980469,133.49400329589844
85.9,23.904327050973066,18.956449405080367,18.87111138002025,21.673406144888457,176.53044482538897,178.75526365776963,283.1820068359375,133.62600708007812,304.8550109863281,133.49400329589844
85.95,23.811986873844535,18.785773356501707,18.87111138017347,21.604407184590784,176.86143847773607,179.01725706604827,283.51300048828125,133.62600708007812,305.11700439453125,133.49400329589844
86.0,23.710179573288034,18.95644940542744,18.871111380331254,21.537428456671016,177.19142654053155,179.28025755440473,283.8429870605469,133.6269989013672,305.3800048828125,133.49400329589844
86.05000000000001,23.609270073800932,18.785773356817835,18.871111380488678,21.47041313679339,177.5194294702221,179.54124388260553,284.1709899902344,133.6269989013672,305.6409912109375,133.49400329589844
86.10000000000001,23.50461835866094,18.956449405691462,18.871111380642258,21.405411946295878,177.84743239991187,179.80424437096198,284.4989929199219,133.6269989013672,305.90399169921875,133.49400329589844
86.15,23.383190176258854,18.78577335706798,18.87111138079355,21.34141782386351,178.17244460694556,180.0652612167409,284.8240051269531,133.6269989013672,306.1650085449219,133.49400329589844
86.2,23.24941438401953,18.95644940600463,18.871111380945198,21.280414373200397,178.49644973390147,180.32826170509736,285.14801025390625,133.6269989013672,306.4280090332031,133.49400329589844
86.25,23.12471089399065,18.78577335741272,18.871111381097105,21.220417989591258,178.81743362062255,180.58924803329816,285.468994140625,133.6269989013672,306.6889953613281,133.49400329589844
86.30000000000001,23.025638171527085,18.95644940631285,18.87111138125012,21.162405216125073,179.13844802492034,180.85224852165462,285.7900085449219,133.6269989013672,306.9519958496094,133.49400329589844
86.35000000000001,22.964617659347756,18.785773357718305,18.871111381403534,21.105399605109945,179.45744985872707,181.1142438072819,286.1090087890625,133.6280059814453,307.2139892578125,133.4949951171875
86.4,22.94816562852301,18.95644940666204,18.8711113815617,21.049400964362572,179.77645010286892,181.37724429563835,286.4280090332031,133.6280059814453,307.47698974609375,133.4949951171875
86.45,22.973509732352998,18.78577335806912,18.871111381718443,20.99141872673418,180.09545034701435,181.63826114141727,286.74700927734375,133.6280059814453,307.7380065917969,133.4949951171875
86.5,23.030247311356067,18.956449406956764,18.871111381871376,20.93542009815683,180.4144505911646,181.90126162977373,287.0660095214844,133.6280059814453,308.0010070800781,133.4949951171875
86.55000000000001,23.10750188191092,18.785773358325365,18.87111138202213,20.875423753952774,180.73543447789683,182.16224795797453,287.3869934082031,133.6280059814453,308.2619934082031,133.4949951171875
86.60000000000001,23.194587505669794,18.95644940727343,18.871111382180324,20.817411018914253,181.05644888220783,182.42524844633098,287.7080078125,133.6280059814453,308.5249938964844,133.4949951171875
86.65,23.27940205703345,18.78577335868527,18.871111382342054,20.75543108668734,181.37944692909522,182.6862652921099,288.031005859375,133.6280059814453,308.7860107421875,133.4949951171875
86.7,23.35302256588439,18.956449407571895,18.87111138249878,20.694434103045616,181.70345357409926,182.94926578046636,288.3550109863281,133.62899780273438,309.04901123046875,133.4949951171875
86.75,23.4095421556728,18.785773359055437,18.871111382663052,20.6314471463452,182.02843526355693,183.211259188745,288.67999267578125,133.62899780273438,309.3110046386719,133.4949951171875
86.80000000000001,23.438451702553962,18.95644940789463,18.87111138282123,20.569436739615515,182.35344747058957,183.47425967710146,289.0050048828125,133.62899780273438,309.5740051269531,133.4949951171875
86.85000000000001,23.433554233726912,18.785773359322235,18.87111138298162,20.504435681928097,182.67943624012082,183.73524600530226,289.33099365234375,133.62899780273438,309.8349914550781,133.4949951171875
86.9,23.400219311906216,18.956449408293604,18.871111383144775,20.442418714783678,183.00444844715295,183.9982484218045,289.656005859375,133.62899780273438,310.0979919433594,133.49600219726562
86.95,23.339523250040283,18.785773359637,18.871111383301564,20.378455228940993,183.32943013660932,184.25926526758343,289.9809875488281,133.62899780273438,310.3590087890625,133.49600219726562
87.0,23.255714676157073,18.95644940860698,18.871111383466587,20.318465568741125,183.6524297534806,184.52226575593988,290.3039855957031,133.6300048828125,310.62200927734375,133.49600219726562
87.05000000000001,23.157974055857775,18.785773359984976,18.871111383632545,20.257431743827592,183.97445123786346,184.78325208414068,290.6260070800781,133.6300048828125,310.88299560546875,133.49600219726562
87.10000000000001,23.056491206295192,18.95644940890386,18.87111138379559,20.199449617695382,184.29543512459009,185.04625257249714,290.9469909667969,133.6300048828125,311.14599609375,133.49600219726562
87.15,22.95954194141012,18.785773360266766,18.87111138395374,20.141436981902796,184.61544244881497,185.30824598077578,291.2669982910156,133.6300048828125,311.4079895019531,133.49600219726562
87.2,22.876742720261838,18.956449409236757,18.87111138412023,20.08644552658452,184.93343561288154,185.57124646913223,291.5849914550781,133.6300048828125,311.6709899902344,133.49600219726562
87.25,22.806219027995386,18.785773360655316,18.87111138428022,20.03044702034504,185.25045221444572,185.83226331491116,291.9020080566406,133.6300048828125,311.9320068359375,133.49600219726562
87.30000000000001,22.736522750408163,18.956449409513148,18.871111384442067,19.977469693453536,185.56643121835262,186.0952638032676,292.2179870605469,133.6300048828125,312.19500732421875,133.49600219726562
87.35000000000001,22.66790622638022,18.785773360913144,18.871111384601157,19.923461494167523,185.88143522118673,186.3562501314684,292.5329895019531,133.63099670410156,312.45599365234375,133.49600219726562
87.4,22.60537509788735,18.956449409875223,18.871111384759324,19.871454024838695,186.19643766259304,186.61925248998486,292.8479919433594,133.63099670410156,312.718994140625,133.4969940185547
87.45,22.552239013252642,18.785773361216155,18.871111384917235,19.820429797350155,186.50945646142117,186.8812458982635,293.1610107421875,133.63099670410156,312.9809875488281,133.4969940185547
87.5,22.502089833662215,18.95644941019274,18.871111385075814,19.769466609704054,186.82244474267125,187.14326982412024,293.4739990234375,133.63099670410156,313.2430114746094,133.4969940185547
87.55000000000001,22.449638681085418,18.785773361570133,18.87111138523433,19.719449451088742,187.13445646142137,187.40526323239888,293.7860107421875,133.63099670410156,313.5050048828125,133.4969940185547
87.60000000000001,22.396682842670344,18.956449410523735,18.871111385396315,19.67147692870387,187.4454305825152,187.66826372075533,294.09698486328125,133.63099670410156,313.76800537109375,133.4969940185547
87.65,22.351609698038796,18.785773361850993,18.871111385554737,19.62145978160822,187.7564352211872,187.92925004895613,294.4079895019531,133.63099670410156,314.02899169921875,133.4969940185547
87.7,22.320758698357047,18.956449410820152,18.871111385713075,19.574470730137236,188.06643441561283,188.1922505373126,294.7179870605469,133.6320037841797,314.2919921875,133.4969940185547
87.75,22.308122704063067,18.785773362170673,18.87111138586461,19.525460668350046,188.37646249178547,188.45326738309151,295.02801513671875,133.6320037841797,314.5530090332031,133.4969940185547
87.80000000000001,22.31492566063847,18.956449411133725,18.871111386026666,19.47846472430078,188.68646005038082,188.71626787144797,295.3380126953125,133.6320037841797,314.8160095214844,133.4969940185547
87.85000000000001,22.33983890134363,18.785773362484235,18.871111386183777,19.43046172984685,188.9964576089773,188.9782612797266,295.64801025390625,133.6320037841797,315.0780029296875,133.4969940185547
87.9,22.380519254161133,18.956449411446975,18.87111138634095,19.38144469648002,189.3074622476529,189.2402566235626,295.9590148925781,133.6320037841797,315.3399963378906,133.4980010986328
87.95,22.433653650462794,18.78577336283382,18.87111138650272,19.3324651572494,189.6184363687512,189.50225003184124,296.2699890136719,133.6320037841797,315.60198974609375,133.4980010986328
88.0,22.48812184732988,18.956449411773104,18.871111386660754,19.28345510722984,189.9304480875057,189.7652505201977,296.5820007324219,133.6320037841797,315.864990234375,133.4980010986328
88.05000000000001,22.52675085271516,18.785773363166594,18.8711113868204,19.231491866371947,190.24343794023466,190.02626736597662,296.8949890136719,133.63299560546875,316.1260070800781,133.4980010986328
88.10000000000001,22.536975044908523,18.956449412120758,18.8711113869801,19.181474791375166,190.55645673906372,190.28926785433308,297.2080078125,133.63299560546875,316.3890075683594,133.4980010986328
88.15,22.511198376411397,18.785773363437055,18.871111387138704,19.129474129550122,190.86944502031372,190.5502541825329,297.52099609375,133.63299560546875,316.6499938964844,133.4980010986328
88.2,22.449602811799277,18.95644941245901,18.87111138730259,19.080464122642976,191.18145673906497,190.81325467088843,297.8330078125,133.63299560546875,316.9129943847656,133.4980010986328
88.25,22.363706845065604,18.785773363753737,18.8711113874609,19.03145412194,191.4924613777408,191.07524807916707,298.1440124511719,133.63299560546875,317.17498779296875,133.4980010986328
88.30000000000001,22.270503229070112,18.956449412753212,18.87111138762285,18.983481699096853,191.80245893634037,191.3372720050238,298.4540100097656,133.63299560546875,317.43701171875,133.4980010986328
88.35000000000001,22.17794678221956,18.785773364125944,18.87111138778702,18.93749287446672,192.11044233478378,191.59926541330245,298.7619934082031,133.63299560546875,317.6990051269531,133.4980010986328
88.4,22.089098215353353,18.956449413061854,18.87111138794851,18.892480702208207,192.4184578971707,191.8622677718189,299.07000732421875,133.63400268554688,317.9620056152344,133.49899291992188
88.45,22.008494561715448,18.78577336441262,18.87111138810639,18.847468426563168,192.72445765303297,192.1232541000197,299.3760070800781,133.63400268554688,318.2229919433594,133.49899291992188
88.5,21.938293589822838,18.956449413379026,18.871111388266982,18.80547731888602,193.02945032881573,192.38625458837615,299.6809997558594,133.63400268554688,318.4859924316406,133.49899291992188
88.55000000000001,21.87849874270032,18.78577336474158,18.87111138842448,18.762509678738557,193.33343592451925,192.64727143415507,299.9849853515625,133.63400268554688,318.74700927734375,133.49899291992188
88.60000000000001,21.831951011130215,18.9564494136928,18.87111138858169,18.722502171876524,193.6364449577224,192.91027192251153,300.2879943847656,133.63400268554688,319.010009765625,133.49899291992188
88.65,21.805525442905097,18.78577336505535,18.87111138874352,18.681487615595195,193.9394539909257,193.17226533079017,300.59100341796875,133.63400268554688,319.2720031738281,133.49899291992188
88.7,21.802790870485325,18.956449414034235,18.87111138890104,18.640480274086087,194.24246464735998,193.4342587390688,300.8940124511719,133.63499450683594,319.53399658203125,133.49899291992188
88.75,21.824138682729796,18.785773365366026,18.871111389062268,18.599496259909788,194.5454431629876,193.69625214734745,301.1969909667969,133.63499450683594,319.7959899902344,133.49899291992188
88.80000000000001,21.86553828632458,18.956449414386217,18.871111389225568,18.558481733896695,194.84945927627328,193.9592526357039,301.5010070800781,133.63499450683594,320.0589904785156,133.49899291992188
88.85000000000001,21.920725736836268,18.785773365708327,18.871111389383806,18.51551414034593,195.15344487198215,194.22026948148283,301.80499267578125,133.63499450683594,320.32000732421875,133.49899291992188
88.9,21.983725509670332,18.95644941464679,18.8711113895423,18.473523088303054,195.45843754776962,194.48326996983928,302.1099853515625,133.63499450683594,320.5830078125,133.49899291992188
88.95,22.043053442402464,18.78577336597424,18.871111389698463,18.42850347867585,195.76443730363448,194.7442582410662,302.4159851074219,133.63499450683594,320.843994140625,133.5
89.0,22.081682443643782,18.95644941496267,18.871111389856825,18.385505367545434,196.07043705949692,195.00725872942266,302.72198486328125,133.63499450683594,321.10699462890625,133.5
89.05000000000001,22.08862959490391,18.785773366276008,18.871111390010267,18.34050059635559,196.37744554720217,195.2692521377013,303.02899169921875,133.63600158691406,321.3689880371094,133.5
89.10000000000001,22.05738208331552,18.95644941526263,18.87111139016725,18.297502513836157,196.6834453030616,195.53225262605775,303.3349914550781,133.63600158691406,321.6319885253906,133.5
89.15,21.987433455287295,18.785773366538745,18.871111390315587,18.252520849276184,196.989445058923,195.79326947183668,303.6409912109375,133.63600158691406,321.89300537109375,133.5
89.2,21.886561731985807,18.956449415560392,18.871111390468204,18.210499313472333,197.2944682522881,196.05626996019313,303.9460144042969,133.63600158691406,322.156005859375,133.5
89.25,21.774386088555183,18.785773366882736,18.871111390619877,18.168508299700804,197.597446767922,196.31725628839393,304.2489929199219,133.63600158691406,322.4169921875,133.5
89.30000000000001,21.676933839546948,18.956449415874335,18.87111139076869,18.130514981695622,197.89844164097707,196.5802567767504,304.54998779296875,133.63600158691406,322.67999267578125,133.5
89.35000000000001,21.60165852320824,18.7857733672433,18.871111390922188,18.090507564837548,198.19946703160676,196.84127362252931,304.85101318359375,133.63600158691406,322.9410095214844,133.5
89.4,21.543194053965763,18.95644941621604,18.87111139107911,18.054535857529586,198.49844938959973,197.10427411088577,305.1499938964844,133.63699340820312,323.2040100097656,133.5
89.45,21.498841869160863,18.785773367576827,18.87111139123937,18.017511474019578,198.79746062006882,197.36626945472176,305.4490051269531,133.63699340820312,323.46600341796875,133.50100708007812
89.5,21.46374224217051,18.95644941656207,18.87111139139931,17.982508810887545,199.09546477045944,197.6292699430782,305.74700927734375,133.63699340820312,323.72900390625,133.50100708007812
89.55000000000001,21.431953964681124,18.785773367907368,18.871111391562444,17.94549204922861,199.39346892085024,197.89025627127901,306.0450134277344,133.63699340820312,323.989990234375,133.50100708007812
89.60000000000001,21.39541410894896,18.956449416894653,18.87111139172565,17.91051991084021,199.69144255366302,198.15325675963547,306.3429870605469,133.63699340820312,324.25299072265625,133.50100708007812
89.65,21.34688541428557,18.785773368189716,18.871111391890746,17.875517259599317,199.98746306147564,198.4142736054144,306.6390075683594,133.63699340820312,324.5140075683594,133.50100708007812
89.7,21.281185421980823,18.956449417157426,18.871111392050448,17.84252871406712,200.28345305171,198.67727409377085,306.93499755859375,133.63699340820312,324.7770080566406,133.50100708007812
89.75,21.195866245001614,18.78577336848579,18.871111392210754,17.808510323145967,200.57846819836192,198.93826042197165,307.2300109863281,133.63800048828125,325.0379943847656,133.50100708007812
89.80000000000001,21.092041969145974,18.956449417458018,18.871111392369123,17.777535899496137,200.87244402844124,199.2012609103281,307.52398681640625,133.63800048828125,325.3009948730469,133.50100708007812
89.85000000000001,20.97388911919119,18.78577336878315,18.871111392523105,17.747507495691984,201.16446673352146,199.46325431860674,307.8160095214844,133.63800048828125,325.56298828125,133.50100708007812
89.9,20.845874328418486,18.956449417802478,18.871111392681748,17.7205307616075,201.45444476086826,199.7262548069632,308.1059875488281,133.63800048828125,325.82598876953125,133.50100708007812
89.95,20.712421301918393,18.785773369213487,18.871111392845414,17.69253932812088,201.7434462257153,199.9872735371146,308.3949890136719,133.63800048828125,326.0870056152344,133.5019989013672
90.0,20.578501358373536,18.95644941818804,18.871111393008015,17.669529754974164,202.0294569679059,200.25027402547104,308.6809997558594,133.63800048828125,326.3500061035156,133.5019989013672
90.05000000000001,20.44771424610311,18.864505938984117,18.87898465011569,17.64652018340491,202.31446063001744,200.51226743471022,308.96600341796875,133.63800048828125,326.61199951171875,133.5019989013672
