Time (s),Ego Speed (km/h),Lead Speed (km/h),Smoothed Lead Speed (km/h),Distance Between (m),Ego Distance Covered (m),Lead Vehicle Distance Covered (m),Ego X (m),Ego Y (m),Lead X (m),Lead Y (m)
0.0,8.808552074432374,7.056000137329102,7.056000137329102,11.012522430846005,0.0,0.0,107.0,133.0,118.0,133.4219970703125
0.05,8.174808311535429,8.820000171661377,7.938000154495239,11.012957079838031,0.1276656985282898,0.11269998550415039,107.0,133.0,118.0,133.4219970703125
0.1,4.181039857876306,10.584000205993652,8.820000171661377,11.011356433068633,0.20566119998693466,0.2498999983072281,107.0,133.0,118.0,133.4219970703125
0.15000000000000002,1.821855497361919,10.74743986129761,9.301860094070435,11.009109737714164,0.24264910072088242,0.4052903801202774,107.0,133.0,118.0,133.4219970703125
0.2,0.4834584116941312,7.768655776977541,8.995219230651855,11.008158864733863,0.2559195011854172,0.5298078805208206,107.0,133.0,118.0,133.4219970703125
0.25,0.22895963788070706,4.894776105880745,8.311812043190004,11.008183402099768,0.25616440176963806,0.6134719848632812,107.0,133.0,118.0,133.4219970703125
0.30000000000000004,0.5667335987093158,0.28588901418121704,7.165251610474463,11.008381537916614,0.2624727040529251,0.6421069875359535,107.0,133.0,118.0,133.4219970703125
0.35000000000000003,0.6878411829473667,1.2601333407772544,6.427111826762311,11.008357792683746,0.2715299017727375,0.6545059904456139,107.0,133.0,118.0,133.4219970703125
0.4,0.6899652242660634,1.8184629651384714,5.915039731026329,11.00827597851769,0.2811941020190716,0.6770129948854446,107.0,133.0,118.0,133.4219970703125
0.45,0.6322392046451796,2.026972871962616,5.526233045119957,11.008185783092486,0.2903391011059284,0.7043372914195061,107.0,133.0,118.0,133.4219970703125
0.5,0.5494175791740797,1.9688721154810687,5.017520242935154,11.00812161021972,0.298444502055645,0.7322819903492928,107.0,133.0,118.0,133.4219970703125
0.55,0.4610664188862136,1.729532213569224,4.308473447125939,11.008093879300613,0.3053380008786917,0.7578397914767265,107.0,133.0,118.0,133.4219970703125
0.6000000000000001,0.37746719420028496,1.3871364173356822,3.3887870682601418,11.00809498289041,0.3110362011939287,0.7791418917477131,107.0,133.0,118.0,133.4219970703125
0.65,0.3033795654777724,1.0069634014156106,2.414739422271942,11.00811004925736,0.315649401396513,0.7953073810786009,107.0,133.0,118.0,133.4219970703125
0.7000000000000001,0.24037235677258026,0.6386228231525352,1.701736126889441,11.00812570324462,0.3193254014477134,0.8062361907213926,107.0,133.0,118.0,133.4219970703125
0.75,0.18829403668660413,0.31574763447060145,1.2438332797484268,11.008134292888126,0.32221814058721066,0.81238779053092,107.0,133.0,118.0,133.4219970703125
0.8,0.14612976461652605,0.05750498355218998,1.220994876685524,11.008134085332603,0.32447159104049206,0.8145665917545557,107.0,133.0,118.0,133.4219970703125
0.8500000000000001,0.11253167688970854,0.12993129288114796,1.1079746718959134,11.00812724991625,0.3262123907916248,0.8153951913118362,107.0,133.0,118.0,133.4219970703125
0.9,0.08609471842647247,0.24808918974401398,0.9509372943564678,11.008117388918293,0.32754780096001923,0.8182500917464495,107.0,133.0,118.0,133.4219970703125
0.9500000000000001,0.06549947708846333,0.30600415951285675,0.7788404231114917,11.008107698031294,0.3285661010304466,0.8222385924309492,107.0,133.0,118.0,133.4219970703125
1.0,0.04958855957282768,0.31578139220133256,0.6135313507835181,11.008100101525338,0.3293385710567236,0.8266195924952626,107.0,133.0,118.0,133.4219970703125
1.05,0.03738563843075487,0.2907933091582399,0.4696574603424198,11.008095198037434,0.3299219559994526,0.8308338224887848,107.0,133.0,118.0,133.4219970703125
1.1,0.028075644001365516,0.24392635152003997,0.35533645376085554,11.008092659893268,0.33036076099961065,0.8345057722181082,107.0,133.0,118.0,133.4219970703125
1.1500000000000001,0.021016871184111316,0.18643110840879862,0.27328322446017433,11.008091739838344,0.3306897020083852,0.8374265320599079,107.0,133.0,118.0,133.4219970703125
1.2000000000000002,0.0,0.12728300600715398,0.22214924274563624,11.008091655507283,0.3306897020083852,0.8395254951901734,107.0,133.0,118.0,133.4219970703125
1.25,0.005309027899060132,0.0729394763127437,0.19786842692985046,11.00809185395578,0.3309486439975444,0.8408359922468662,107.0,133.0,118.0,133.4219970703125
1.3,0.0066986640449614365,0.02744633827413507,0.194862562402045,11.008092017851366,0.33103584800846875,0.8414611122570932,107.0,133.0,118.0,133.4219970703125
1.35,0.006821676017722086,0.007245801112624292,0.18259401322519261,11.008092065481195,0.3311309479759075,0.8415421321988106,107.0,133.0,118.0,133.4219970703125
1.4000000000000001,0.006306587951267355,0.030858529803937714,0.16087094723118497,11.008092006966903,0.3312218519859016,0.8418509322218597,107.0,133.0,118.0,133.4219970703125
1.4500000000000002,0.0055090800393579435,0.0,0.1302705312798993,11.00809202823194,0.33130291500128806,0.8418509322218597,107.0,133.0,118.0,133.4219970703125
1.5,0.004639608040477764,0.0,0.09869239205976603,11.008092046877715,0.3313721899758093,0.8418509322218597,107.0,133.0,118.0,133.4219970703125
1.55,0.0038102040537480964,0.0,0.06961306114394203,11.00809206266055,0.3314296010066755,0.8418509322218597,107.0,133.0,118.0,133.4219970703125
1.6,0.0030655656246038796,0.0,0.04522042599193804,11.008092075695739,0.3314762159716338,0.8418509322218597,107.0,133.0,118.0,133.4219970703125
1.6500000000000001,0.0008350848237053978,0.0,0.026577315151058177,11.008092079574151,0.3314899510005489,0.8418509322218597,107.0,133.0,118.0,133.4219970703125
1.7000000000000002,0.0012987287483731539,0.0,0.013849014550342782,11.008092084096726,0.33150589105207473,0.8418509322218597,107.0,133.0,118.0,133.4219970703125
1.75,0.00141585840897864,0.0,0.006555066919068412,11.008092089606366,0.3315252009779215,0.8418509322218597,107.0,133.0,118.0,133.4219970703125
1.8,0.0013611060336385782,0.0,0.0038104330916549044,11.008092095146996,0.3315445010084659,0.8418509322218597,107.0,133.0,118.0,133.4219970703125
1.85,0.0012116700066705489,0.0,0.003085852980392475,11.008092100258041,0.3315622010268271,0.8418509322218597,107.0,133.0,118.0,133.4219970703125
1.9000000000000001,0.0010340531823891384,0.0,0.0,11.008092104719385,0.33157757099252194,0.8418509322218597,107.0,133.0,118.0,133.4219970703125
1.9500000000000002,0.000857876422447461,0.0,0.0,11.008092108480248,0.3315904709743336,0.8418509322218597,107.0,133.0,118.0,133.4219970703125
2.0,0.0006971148199343988,0.0,0.0,11.0080921115703,0.3316010310081765,0.8418509322218597,107.0,133.0,118.0,133.4219970703125
2.0500000000000003,0.00010319256349742794,0.0,0.0,11.008092113227674,0.33160668099299073,0.8418509322218597,107.0,133.0,118.0,133.4219970703125
2.1,0.0002427735739392125,0.0,0.0,11.008092114023718,0.33160939102526754,0.8418509322218597,107.0,133.0,118.0,133.4219970703125
2.15,0.0002900098691057917,0.0,0.0,11.008092115155671,0.3316132409963757,0.8418509322218597,107.0,133.0,118.0,133.4219970703125
2.2,0.00028925495086607605,0.0,0.0,11.008092116356732,0.33161732100415975,0.8418509322218597,107.0,133.0,118.0,133.4219970703125
2.25,0.000263885788195829,0.0,0.0,11.008092117491527,0.3316211709752679,0.8418509322218597,107.0,133.0,118.0,133.4219970703125
2.3000000000000003,0.00022797791764260516,0.0,0.0,11.008092118494789,0.33162457100115716,0.8418509322218597,107.0,133.0,118.0,133.4219970703125
2.35,0.00019128024343357383,0.0,0.0,11.008092119351307,0.3316274710232392,0.8418509322218597,107.0,133.0,118.0,133.4219970703125
2.4000000000000004,0.00015763789294296138,0.0,0.0,11.008092120040102,0.33162980095949024,0.8418509322218597,107.0,133.0,118.0,133.4219970703125
2.45,0.0001287331239965774,0.0,0.0,11.008092120613924,0.3316317410208285,0.8418509322218597,107.0,133.0,118.0,133.4219970703125
2.5,4.1812561319667036e-05,0.0,0.0,11.008092120613924,0.3316317410208285,0.8418509322218597,107.0,133.0,118.0,133.4219970703125
2.5500000000000003,5.904577840763329e-05,0.0,0.0,11.008092120942447,0.3316328510409221,0.8418509322218597,107.0,133.0,118.0,133.4219970703125
2.6,6.0968185070770866e-05,0.0,0.0,11.008092120942447,0.3316328510409221,0.8418509322218597,107.0,133.0,118.0,133.4219970703125
2.6500000000000004,5.9148721119546235e-05,0.0,0.0,11.008092121427927,0.3316344909835607,0.8418509322218597,107.0,133.0,118.0,133.4219970703125
2.7,5.242032097834319e-05,0.0,0.0,11.008092121427927,0.3316344909835607,0.8418509322218597,107.0,133.0,118.0,133.4219970703125
2.75,4.7030466114018356e-05,0.0,0.0,11.008092121845568,0.33163590100593865,0.8418509322218597,107.0,133.0,118.0,133.4219970703125
2.8000000000000003,3.6423001749563575e-05,0.0,0.0,11.008092121845568,0.33163590100593865,0.8418509322218597,107.0,133.0,118.0,133.4219970703125
2.85,2.8904874823471107e-05,0.0,0.0,11.008092121845568,0.33163590100593865,0.8418509322218597,107.0,133.0,118.0,133.4219970703125
2.9000000000000004,5.0120282293257615e-06,0.0,0.0,11.008092122183344,0.33163704094477,0.8418509322218597,107.0,133.0,118.0,133.4219970703125
2.95,8.444980282432623e-06,0.0,0.0,11.008092122183344,0.33163704094477,0.8418509322218597,107.0,133.0,118.0,133.4219970703125
3.0,1.1500200299879413e-05,0.0,0.0,11.008092122183344,0.33163704094477,0.8418509322218597,107.0,133.0,118.0,133.4219970703125
3.0500000000000003,8.99427637188606e-06,0.0,0.0,11.008092122183344,0.33163704094477,0.8418509322218597,107.0,133.0,118.0,133.4219970703125
3.1,8.067678748716372e-06,0.0,0.0,11.008092122183344,0.33163704094477,0.8418509322218597,107.0,133.0,118.0,133.4219970703125
3.1500000000000004,8.75391514750901e-06,0.0,0.0,11.008092122183344,0.33163704094477,0.8418509322218597,107.0,133.0,118.0,133.4219970703125
3.2,6.522908698853311e-06,0.0,0.0,11.008092122183344,0.33163704094477,0.8418509322218597,107.0,133.0,118.0,133.4219970703125
3.25,8.445153488455579e-06,0.0,0.0,11.008092122488657,0.3316380709875375,0.8418509322218597,107.0,133.0,118.0,133.4219970703125
3.3000000000000003,0.0,0.0,0.0,11.008092122488657,0.3316380709875375,0.8418509322218597,107.0,133.0,118.0,133.4219970703125
3.35,3.1582620004989775e-06,0.0,0.0,11.008092122488657,0.3316380709875375,0.8418509322218597,107.0,133.0,118.0,133.4219970703125
3.4000000000000004,6.282185542704179e-06,0.0,0.0,11.008092122488657,0.3316380709875375,0.8418509322218597,107.0,133.0,118.0,133.4219970703125
3.45,4.600092570246913e-06,0.0,0.0,11.008092122488657,0.3316380709875375,0.8418509322218597,107.0,133.0,118.0,133.4219970703125
3.5,4.359782159135095e-06,0.0,0.0,11.008092122488657,0.3316380709875375,0.8418509322218597,107.0,133.0,118.0,133.4219970703125
3.5500000000000003,5.5955923457265805e-06,0.0,0.0,11.008092122488657,0.3316380709875375,0.8418509322218597,107.0,133.0,118.0,133.4219970703125
3.6,6.797136063779531e-06,0.0,0.0,11.008092122488657,0.3316380709875375,0.8418509322218597,107.0,133.0,118.0,133.4219970703125
3.6500000000000004,4.8748747217620575e-06,0.0,0.0,11.008092122488657,0.3316380709875375,0.8418509322218597,107.0,133.0,118.0,133.4219970703125
3.7,5.904723179788947e-06,0.0,0.0,11.008092122488657,0.3316380709875375,0.8418509322218597,107.0,133.0,118.0,133.4219970703125
3.75,6.179185944032415e-07,0.0,0.0,11.008092122488657,0.3316380709875375,0.8418509322218597,107.0,133.0,118.0,133.4219970703125
3.8000000000000003,1.6134560549825747e-06,0.0,0.0,11.008092122488657,0.3316380709875375,0.8418509322218597,107.0,133.0,118.0,133.4219970703125
3.85,2.4716804791565037e-06,0.0,0.0,11.008092122488657,0.3316380709875375,0.8418509322218597,107.0,133.0,118.0,133.4219970703125
3.9000000000000004,3.364230450581694e-06,0.0,0.0,11.008092122488657,0.3316380709875375,0.8418509322218597,107.0,133.0,118.0,133.4219970703125
3.95,4.2567911277286145e-06,0.0,0.0,11.008092122488657,0.3316380709875375,0.8418509322218597,107.0,133.0,118.0,133.4219970703125
4.0,5.149341399501835e-06,0.0,0.0,11.008092122488657,0.3316380709875375,0.8418509322218597,107.0,133.0,118.0,133.4219970703125
4.05,6.041891279297036e-06,0.0,0.0,11.008092122488657,0.3316380709875375,0.8418509322218597,107.0,133.0,118.0,133.4219970703125
4.1000000000000005,7.037429688153144e-06,0.0,0.0,11.008092122488657,0.3316380709875375,0.8418509322218597,107.0,133.0,118.0,133.4219970703125
4.15,1.0298675092360405e-07,0.0,0.0,11.008092122488657,0.3316380709875375,0.8418509322218597,107.0,133.0,118.0,133.4219970703125
4.2,7.552526130210458e-07,0.0,0.0,11.008092122488657,0.3316380709875375,0.8418509322218597,107.0,133.0,118.0,133.4219970703125
4.25,1.3731569002582362e-06,0.0,0.0,11.008092122488657,0.3316380709875375,0.8418509322218597,107.0,133.0,118.0,133.4219970703125
4.3,1.9911996134225863e-06,0.0,0.0,11.008092122488657,0.3316380709875375,0.8418509322218597,107.0,133.0,118.0,133.4219970703125
4.3500000000000005,2.6091701551968566e-06,0.0,0.0,11.008092122488657,0.3316380709875375,0.8418509322218597,107.0,133.0,118.0,133.4219970703125
4.4,3.2614552066420704e-06,0.0,0.0,11.008092122488657,0.3316380709875375,0.8418509322218597,107.0,133.0,118.0,133.4219970703125
4.45,3.913995381100829e-06,0.0,0.0,11.008092122488657,0.3316380709875375,0.8418509322218597,107.0,133.0,118.0,133.4219970703125
4.5,4.600132361034565e-06,0.0,0.0,11.008092122488657,0.3316380709875375,0.8418509322218597,107.0,133.0,118.0,133.4219970703125
4.55,3.982183255383991e-06,0.0,0.0,11.008092122488657,0.3316380709875375,0.8418509322218597,107.0,133.0,118.0,133.4219970703125
4.6000000000000005,5.835967570407351e-07,0.0,0.0,11.008092122488657,0.3316380709875375,0.8418509322218597,107.0,133.0,118.0,133.4219970703125
4.65,1.2701788650256175e-06,0.0,0.0,11.008092122488657,0.3316380709875375,0.8418509322218597,107.0,133.0,118.0,133.4219970703125
4.7,1.8903414162391445e-06,0.0,0.0,11.008092122488657,0.3316380709875375,0.8418509322218597,107.0,133.0,118.0,133.4219970703125
4.75,2.540385848873789e-06,0.0,0.0,11.008092122488657,0.3316380709875375,0.8418509322218597,107.0,133.0,118.0,133.4219970703125
4.800000000000001,3.1583498670632577e-06,0.0,0.0,11.008092122488657,0.3316380709875375,0.8418509322218597,107.0,133.0,118.0,133.4219970703125
4.8500000000000005,2.5060793623175407e-06,0.0,0.0,11.008092122488657,0.3316380709875375,0.8418509322218597,107.0,133.0,118.0,133.4219970703125
4.9,4.462906685770982e-06,0.0,0.0,11.008092122488657,0.3316380709875375,0.8418509322218597,107.0,133.0,118.0,133.4219970703125
4.95,5.115112118252563e-06,0.0,0.0,11.008092122488657,0.3316380709875375,0.8418509322218597,107.0,133.0,118.0,133.4219970703125
5.0,2.4030386239624623e-07,0.0,0.0,11.008092122488657,0.3316380709875375,0.8418509322218597,107.0,133.0,118.0,133.4219970703125
5.050000000000001,0.7529401972050735,0.0,0.0,11.005095976268464,0.3346364254210336,0.8418509322218597,107.00299835205078,133.0,118.0,133.4219970703125
5.1000000000000005,1.730331664340894,0.0,0.0,10.985067807383926,0.354666038088694,0.8418509322218597,107.02300262451172,133.00100708007812,118.0,133.4219970703125
5.15,2.386728918063151,0.016662163206403714,0.0016662163206390753,10.955052976372054,0.384681212848993,0.8421518321847543,107.0530014038086,133.0019989013672,118.0,133.4219970703125
5.2,2.6067314752564306,0.02141758772176653,0.003807975092815728,10.92000600911821,0.41973428673227453,0.8423468022374436,107.08799743652344,133.00399780273438,118.0,133.4219970703125
5.25,2.783241436324847,0.02005738661007694,0.005813713753823423,10.882991974189407,0.456750552371922,0.8425487522035837,107.125,133.0050048828125,118.0,133.4219970703125
5.300000000000001,2.791719381783461,0.019009371755612695,0.0077146509293846924,10.843942520610048,0.4958032074458608,0.8427707621594891,107.16400146484375,133.0070037841797,118.0,133.4219970703125
5.3500000000000005,2.6139817490735244,0.018250283098333507,0.009539679239218044,10.804893087920249,0.5338577568190085,0.8438013538467279,107.2020034790039,133.00900268554688,117.9990005493164,133.4219970703125
5.4,2.4808495874253125,0.01780475113696342,0.011320154352914386,10.769884670696339,0.5688678423301433,0.8440873418800114,107.23699951171875,133.00999450683594,117.9990005493164,133.4219970703125
5.45,2.3716660352166143,0.017583890782498127,0.013078543431164196,10.73683519911682,0.6019254640293715,0.8444094928487251,107.2699966430664,133.01199340820312,117.9990005493164,133.4219970703125
5.5,2.372594165516858,0.01745965125330725,0.014824508556494923,10.70381601267183,0.6349455864406133,0.8447657477441757,107.3030014038086,133.01300048828125,117.9990005493164,133.4219970703125
5.550000000000001,2.4373535230098153,0.01726757199974261,0.01655126575646918,10.669767867430409,0.6680032073178493,0.8458369996436359,107.33599853515625,133.01499938964844,117.99800109863281,133.4219970703125
5.6000000000000005,2.6319149147549505,0.6668963507420331,0.0832409008306725,10.644746113950408,0.7040204024134586,0.8568393506136092,107.37200164794922,133.01600646972656,118.00900268554688,133.4219970703125
5.65,2.8916428464002424,1.2405885402143026,0.2056335385314624,10.622682778876415,0.7420749512869744,0.872838332617623,107.41000366210938,133.01800537109375,118.0250015258789,133.4219970703125
5.7,3.160623285470199,0.8556875551399513,0.2890605352732809,10.59362845680426,0.7851206552283823,0.8868388937534938,107.4530029296875,133.02000427246094,118.03900146484375,133.4219970703125
5.75,3.384485390132458,1.5656359877465673,0.44361839538693,10.56856915468715,0.8311616872372485,0.9078357952499457,107.4990005493164,133.02200317382812,118.05999755859375,133.4219970703125
5.800000000000001,3.64643406406101,1.1970162367911024,0.561419081890479,10.537525151871147,0.8801984169056591,0.9258417177582606,107.5479965209961,133.0240020751953,118.0780029296875,133.4219970703125
5.8500000000000005,3.875925879142768,1.9196866775274681,0.7515627213333924,10.511422352382793,0.9322862999283991,0.951835365153318,107.5999984741211,133.02699279785156,118.10399627685547,133.4219970703125
5.9,4.094070887466222,1.5611735049407214,0.9058995967137682,10.47937162087431,0.9883222660694856,0.9758374862851938,107.65599822998047,133.0290069580078,118.12799835205078,133.4219970703125
5.95,4.264479737422941,2.294149607901051,1.1335561684256235,10.451279465752986,1.046397980988228,1.0058362742259044,107.71399688720703,133.03199768066406,118.15799713134766,133.4219970703125
6.0,4.449078180555022,1.947196343146828,1.3265298376149754,10.419184427325623,1.1074766340849689,1.034835639694884,107.7750015258789,133.03500366210938,118.18699645996094,133.4219970703125
6.050000000000001,4.633990474150329,2.688129871490442,1.5936160675640454,10.392099356026545,1.170543496857449,1.070838789046465,107.83799743652344,133.03799438476562,118.2229995727539,133.4219970703125
6.1000000000000005,4.836674185113813,2.349291895104926,1.761855622000335,10.36001260144891,1.236613805498407,1.1048431409201585,107.90399932861328,133.04100036621094,118.25700378417969,133.4219970703125
6.15,5.0215025190157005,3.098236832127668,1.9476204511916713,10.331877434852334,1.3057297668833898,1.1458359563842981,107.9729995727539,133.0449981689453,118.2979965209961,133.4219970703125
6.2,5.193642833633079,2.7663815493155637,2.1386898506092327,10.300790322553386,1.3767925179368714,1.185837017588468,108.04399871826172,133.04800415039062,118.33799743652344,133.4219970703125
6.25,5.34730862261875,3.5201382103345487,2.3341400728680304,10.275668213150304,1.449899954456748,1.2338412278211421,108.11699676513672,133.052001953125,118.38600158691406,133.4219970703125
6.300000000000001,5.491065687876957,3.193178435088521,2.533756292697772,10.245501794580292,1.525071328789151,1.2788394953349624,108.19200134277344,133.0570068359375,118.43099975585938,133.4219970703125
6.3500000000000005,5.616253236424333,3.950824880891531,2.736870113034178,10.221380637971464,1.603169019508553,1.3328403793803663,108.2699966430664,133.06100463867188,118.48500061035156,133.4219970703125
6.4,5.727754733306847,3.6268605388366186,2.9434388164237677,10.195255149468293,1.6812743296233177,1.384842384460822,108.3479995727539,133.06500244140625,118.53700256347656,133.4219970703125
6.45,5.853999511045621,4.3881871901305995,3.1528425746467224,10.173091096690829,1.7624300841724772,1.443840503689439,108.42900085449219,133.07000732421875,118.59600067138672,133.4219970703125
6.5,5.993523785737771,4.068290971138796,3.3649520374459194,10.148966082066272,1.8445824819856107,1.5018479309778832,108.51100158691406,133.0749969482422,118.65399932861328,133.42300415039062
6.550000000000001,6.147330941707162,4.8319940203301845,3.579338452329894,10.129809377382298,1.9297287867400335,1.5678498267888128,108.59600067138672,133.0800018310547,118.72000122070312,133.42300415039062
6.6000000000000005,6.3209456820788965,4.51472604192471,3.7958818670118726,10.107650246296737,2.015872834131535,1.631845204326095,108.68199920654297,133.0850067138672,118.78399658203125,133.42300415039062
6.65,6.478296055310369,5.281453653078879,4.014203549106993,10.090495576677238,2.1050171010440737,1.703851431273024,108.77100372314453,133.08999633789062,118.85600280761719,133.42300415039062
6.7,6.609703078078083,4.96605768073169,4.234171162248606,10.06934666832683,2.1961504231069306,1.7738511376002648,108.86199951171875,133.09500122070312,118.9260025024414,133.42300415039062
6.75,6.731541845067703,5.732785458259049,4.455435887041056,10.054153780710742,2.2893458728996166,1.8518464385987958,108.95500183105469,133.1009979248047,119.00399780273438,133.42300415039062
6.800000000000001,6.839734258781325,5.422537612857731,4.678371804817977,10.037004905933484,2.3834807846974937,1.928849926714316,109.04900360107422,133.1060028076172,119.08100128173828,133.42300415039062
6.8500000000000005,6.93627760922443,6.186241239948778,4.9019134407237015,10.025828627239594,2.4796609519435098,2.0138490116050036,109.1449966430664,133.11199951171875,119.16600036621094,133.42300415039062
6.9,7.031270868637641,5.883985081656313,5.1276258950056715,10.011650948128905,2.576846260209303,2.096849202358033,109.24199676513672,133.1179962158203,119.2490005493164,133.42300415039062
6.95,7.131662994655191,6.644521192073212,5.3532592951999325,10.00446939328212,2.675029134077063,2.187844991157882,109.33999633789062,133.12399291992188,119.33999633789062,133.42300415039062
7.0,7.24135669581915,6.347953026845263,5.5812255007705796,9.993265619782386,2.7752801876058713,2.2768495140469622,109.44000244140625,133.13099670410156,119.42900085449219,133.42300415039062
7.050000000000001,7.351139860352066,7.106617220740541,5.808687820811615,9.98909602680285,2.8764559815247304,2.3738496362047714,109.54100036621094,133.13699340820312,119.5260009765625,133.42300415039062
7.1000000000000005,7.456608354480019,6.817212907463575,6.0389365073655,9.98290358182659,2.9796906617171475,2.470849763269678,109.64399719238281,133.1439971923828,119.62300109863281,133.42300415039062
7.15,7.574610937109071,7.570116615937857,6.267802803651398,9.981731079383179,3.0838673048546252,2.5738465894585105,109.74800109863281,133.14999389648438,119.72599792480469,133.42300415039062
7.2,7.722899593987717,7.2878770139629045,6.49998473697452,9.97855231339714,3.190093623624228,2.6768510490090405,109.85399627685547,133.15699768066406,119.8290023803711,133.42300415039062
7.25,7.892164459746643,8.032609243381705,6.729967115486785,9.979367177992016,3.2993195628612386,2.7868516593615564,109.96299743652344,133.16400146484375,119.93900299072266,133.42300415039062
7.300000000000001,8.063590391812347,7.757569116433993,6.963470265844412,9.977181967786333,3.4105403637201834,2.895845192776541,110.0739974975586,133.17100524902344,120.0479965209961,133.42300415039062
7.3500000000000005,8.246373812041137,8.494128571601804,7.194258999009716,9.981012125725654,3.5237552257843245,3.0128495873400376,110.18699645996094,133.17799377441406,120.16500091552734,133.42300415039062
7.4,8.46005889511149,8.227656919488963,7.428626182792982,9.98081106303731,3.6400364407148547,3.1288469042278026,110.3030014038086,133.18600463867188,120.28099822998047,133.42300415039062
7.45,8.688258612176844,8.954964703639178,7.659670533949578,9.984651931122864,3.7592371459834633,3.2518480029515615,110.4219970703125,133.1929931640625,120.40399932861328,133.42300415039062
7.5,8.90560354153412,8.696664989138666,7.894541730178919,9.984470600775378,3.881501515492918,3.373849652845068,110.54399871826172,133.2010040283203,120.5260009765625,133.42300415039062
7.550000000000001,9.127232544464105,9.41634072173749,8.125514080278613,9.98831420642354,4.006756973293481,3.5028512685708426,110.66899871826172,133.20899963378906,120.65499877929688,133.4239959716797
7.6000000000000005,9.360003449835249,9.16772528203811,8.360565317736066,9.988124480519332,4.136068540677612,3.6318490729075315,110.7979965209961,133.21800231933594,120.78399658203125,133.4239959716797
7.65,9.587864454111664,9.881101052165157,8.591663761358795,9.991959796885393,4.268314254203828,3.7678506600313275,110.93000030517578,133.2259979248047,120.91999816894531,133.4239959716797
7.7,9.80167264321449,9.64134076183621,8.827010136146125,9.99280382556914,4.402555266720177,3.9028527976041625,111.06400299072266,133.23399353027344,121.05500030517578,133.4239959716797
7.75,9.996937373593438,10.34647335993929,9.058396547801886,9.996633850383969,4.540849095624781,4.044851088879302,111.2020034790039,133.2429962158203,121.1969985961914,133.4239959716797
7.800000000000001,10.156762810473296,10.116181050493685,9.294257741207854,9.99847350485516,4.681137646294474,4.186849381017475,111.34200286865234,133.2519989013672,121.33899688720703,133.4239959716797
7.8500000000000005,10.294109954621904,10.813140855740361,9.526158969621708,10.005342000581305,4.823360866477015,4.335851456515633,111.48400115966797,133.25999450683594,121.48799896240234,133.4239959716797
7.9,10.426922277993905,10.590552707046061,9.762448548377417,10.010202765473284,4.967639207756336,4.48485353266482,111.62799835205078,133.2689971923828,121.63700103759766,133.4239959716797
7.95,10.564299406463375,11.281105256370488,9.995062603650549,10.020060859507653,5.112922680254064,4.639852312296657,111.77300262451172,133.2779998779297,121.79199981689453,133.4239959716797
8.0,10.724288303200096,11.067985089090142,10.232194613645698,10.026936860200642,5.261191243771825,4.7948510924141985,111.9209976196289,133.28700256347656,121.9469985961914,133.4239959716797
8.05,10.902535347320354,11.749537435525626,10.465514285024511,10.038817962645286,5.411462685214656,4.956853656258124,112.07099914550781,133.29600524902344,122.10900115966797,133.4239959716797
8.1,11.070506390320451,11.545993396948159,10.703341096515517,10.047709452480426,5.564726302835611,5.118856220435613,112.2239990234375,133.30499267578125,122.27100372314453,133.4239959716797
8.15,11.224975104247623,12.219481094829778,10.937179100781979,10.06060656924412,5.7199863103411825,5.286855488405969,112.37899780273438,133.31399536132812,122.43900299072266,133.4239959716797
8.200000000000001,11.377959915951187,12.022921098336134,11.17533713443197,10.072504967616572,5.876251714402482,5.4548547565892935,112.53500366210938,133.322998046875,122.60700225830078,133.4239959716797
8.25,11.521562361142502,12.687157107894727,11.409405509227515,10.08841689399166,6.03550296697147,5.629850179367452,112.69400024414062,133.33200073242188,122.78199768066406,133.4239959716797
8.3,11.652289166254702,12.498445468628002,11.647631951040946,10.102338281697664,6.196757581405793,5.804853231645969,112.8550033569336,133.34100341796875,122.95700073242188,133.4239959716797
8.35,11.760548756668769,13.15429324680366,11.881747190147276,10.121280059467965,6.360000399970516,5.986855224898937,113.01799774169922,133.35000610351562,123.13899993896484,133.4250030517578
8.4,11.842019301052668,12.975445269884537,12.120236446431125,10.13821538418565,6.524247939714205,6.167854981223008,113.18199920654297,133.35899353027344,123.31999969482422,133.4250030517578
8.450000000000001,11.904838622764965,13.623229255885278,12.354448846382605,10.162162461873992,6.688496315109952,6.355858521701897,113.34600067138672,133.3679962158203,123.50800323486328,133.4250030517578
8.5,11.958085343789838,13.451617663753463,12.592812103848937,10.184111246370323,6.854740623080501,6.543854432748148,113.51200103759766,133.3769989013672,123.69599914550781,133.4250030517578
8.55,12.001890641974075,14.092129216324139,12.827071281928786,10.213075802290964,7.020933436680627,6.738854128014412,113.6780014038086,133.38499450683594,123.89099884033203,133.4250030517578
8.6,12.043413898722951,13.93030918932845,13.065502861166816,10.240047857265171,7.188125280954662,6.93285437251087,113.84500122070312,133.39300537109375,124.08499908447266,133.4250030517578
8.65,12.099718005421455,14.563189536030483,13.299873705286888,10.27502729190892,7.355366761110615,7.134857851975966,114.01200103759766,133.40199279785156,124.28700256347656,133.4250030517578
8.700000000000001,12.181579798924249,14.41299785162096,13.53888138061537,10.307010121413652,7.524555238026259,7.335854251208249,114.18099975585938,133.41000366210938,124.48799896240234,133.4250030517578
8.75,12.288644126188215,15.034573438093783,13.773623013635277,10.345003592588533,7.694741333673476,7.54385443477217,114.35099792480469,133.41799926757812,124.69599914550781,133.4250030517578
8.8,12.41615651132742,14.896440967398965,14.013422563512373,10.381996155668999,7.865889948001924,7.751854618165867,114.52200317382812,133.4250030517578,124.90399932861328,133.4250030517578
8.85,12.556622226759378,15.504949688666162,14.248488207698623,10.422000138438188,8.040069533110604,7.965851505756905,114.69599914550781,133.43299865722656,125.11799621582031,133.4250030517578
8.9,12.689661869433058,15.38269418006317,14.489213098716485,10.462008739089155,8.215255142772197,8.18085776097635,114.87100219726562,133.4409942626953,125.33300018310547,133.42599487304688
8.950000000000001,12.814453255150527,15.97590100452494,14.72448027358045,10.5060273756611,8.392387984521775,8.401858432679159,115.0479965209961,133.447998046875,125.55400085449219,133.42599487304688
9.0,12.943077569859312,15.87117727280753,14.966436234485858,10.548044035757206,8.571525805492954,8.62285910434463,115.22699737548828,133.4550018310547,125.7750015258789,133.42599487304688
9.05,13.060278804759555,16.448508852108127,15.202074198064256,10.594062974149246,8.752661016356031,8.849856480111688,115.40799713134766,133.46200561523438,126.00199890136719,133.42599487304688
9.1,13.170230374347167,16.35872480965325,15.444915760096734,10.641093348251973,8.934794348476839,9.078860386603322,115.58999633789062,133.468994140625,126.23100280761719,133.42599487304688
9.15,13.278240374209224,16.918668807855017,15.68046368727919,10.691111198277065,9.118933329558734,9.312853917141462,115.77400207519531,133.4759979248047,126.46499633789062,133.42599487304688
9.200000000000001,13.387523074746774,16.84425704175026,15.92358960629212,10.741148593580382,9.304063418087013,9.547854527684644,115.95899963378906,133.48300170898438,126.69999694824219,133.42599487304688
9.25,13.500963623309701,17.38616629531262,16.158748892014003,10.794182590646097,9.491163631597727,9.787860021114254,116.14600372314453,133.48899841308594,126.94000244140625,133.42599487304688
9.3,13.610314292887642,17.331698148324822,16.402274610106588,10.848219014471873,9.679255159528022,10.029856786396415,116.33399963378906,133.4949951171875,127.18199920654297,133.42599487304688
9.35,13.72090722540181,17.856362300180393,16.63741587125801,10.905256770609267,9.869352690911622,10.276858434606869,116.52400207519531,133.50100708007812,127.42900085449219,133.42599487304688
9.4,13.836021320731367,17.794442331153626,16.878590686367055,10.962297543141098,10.060441070575667,10.524861578106673,116.71499633789062,133.5070037841797,127.677001953125,133.427001953125
9.450000000000001,13.96686345119441,18.12499351098299,17.09349993701286,11.020339827548353,10.253535002989901,10.775861054001941,116.90799713134766,133.51300048828125,127.9280014038086,133.427001953125
9.5,14.11853064347475,18.838981823003344,17.390280392032444,11.07938375632146,10.448598915166608,11.029866486162975,117.10299682617188,133.51800537109375,128.1820068359375,133.427001953125
9.55,14.281930762715788,17.982760199243145,17.543705526745946,11.130411203024348,10.64666744922361,11.278859433054446,117.3010025024414,133.5229949951172,128.43099975585938,133.427001953125
9.600000000000001,14.448653758995798,18.452919243570683,17.753124970137687,11.187461500246714,10.845755740525338,11.53485615511877,117.5,133.5290069580078,128.68699645996094,133.427001953125
9.65,14.597269038148548,18.587054584367145,17.9199635477889,11.244495326551652,11.047798775438755,11.793858841058208,117.7020034790039,133.5330047607422,128.9459991455078,133.427001953125
9.700000000000001,14.7167797275978,18.92703878934403,18.128241722548275,11.302539318028291,11.25185453932196,12.055852260203443,117.90599822998047,133.53799438476562,129.20799255371094,133.427001953125
9.75,14.830946125789213,18.85521733858449,18.275146826875464,11.36058519441819,11.456917455491064,12.318852762804346,118.11100006103516,133.54299926757812,129.4709930419922,133.427001953125
9.8,14.956477952521986,19.11844966304972,18.453821978347953,11.418622158066894,11.66395678907271,12.583852170615748,118.31800079345703,133.5469970703125,129.73599243164062,133.427001953125
9.850000000000001,15.092258505673657,19.030574311684397,18.571243179498353,11.474676599977027,11.872994654902534,12.848866827752174,118.5270004272461,133.55099487304688,130.00100708007812,133.427001953125
9.9,15.236914581635705,19.276093003843872,18.71940824676738,11.530705820347764,12.084031059972464,13.115866967057332,118.73799896240234,133.55499267578125,130.26800537109375,133.42799377441406
9.950000000000001,15.388396116005994,19.174285891649177,18.824337484833997,11.585736146598878,12.296050356086338,13.382865258809792,118.94999694824219,133.55799865722656,130.53500366210938,133.42799377441406
10.0,15.544181503754087,19.403821305925685,18.880821433126233,11.639771326735966,12.51109148790798,13.651862451423234,119.16500091552734,133.56199645996094,130.8040008544922,133.42799377441406
10.05,15.700801258935357,19.289918997987627,19.01153731300068,11.689805922878751,12.729114530636547,13.919867823147724,119.38300323486328,133.56500244140625,131.07200622558594,133.42799377441406
10.100000000000001,15.855270534742097,19.50760969172162,19.117006357815775,11.741839597258927,12.948129091911136,14.190863917436603,119.60199737548828,133.5679931640625,131.34300231933594,133.42799377441406
10.15,16.005309112056956,19.383411040929925,19.196642003472054,11.790875802979818,13.169150205558404,14.460868192314193,119.822998046875,133.5709991455078,131.61300659179688,133.42799377441406
10.200000000000001,16.149604424448725,19.59174265656327,19.263112390193974,11.837893745463306,13.39315814762217,14.731864287312982,120.0469970703125,133.572998046875,131.88400268554688,133.42799377441406
10.25,16.28844574694981,19.779014943509253,19.35549215068645,11.88892185062828,13.618184329529424,15.007865266628926,120.27200317382812,133.5760040283203,132.16000366210938,133.42799377441406
10.3,16.412003524259486,19.950338044322432,19.438680988813722,11.936947247565751,13.846189917950321,15.283866244112213,120.5,133.5780029296875,132.43600463867188,133.42799377441406
10.350000000000001,16.517249043796614,19.782650610651515,19.513888618710432,11.983965808393469,14.074195506371757,15.558860142388712,120.72799682617188,133.5800018310547,132.71099853515625,133.42799377441406
10.4,16.62751474513919,19.949905367460723,19.58126985507212,12.029979943422129,14.305206962222156,15.835870030090618,120.95899963378906,133.58200073242188,132.98800659179688,133.4290008544922
10.450000000000001,16.75750278964327,19.782217944447236,19.642063060351926,12.072980726268726,14.537211340556665,16.110863927689397,121.19100189208984,133.58299255371094,133.26300048828125,133.4290008544922
10.5,16.90511123137688,19.949977410745024,19.69667867083386,12.11599464630054,14.771221168485134,16.38785672570777,121.42500305175781,133.5850067138672,133.5399932861328,133.4290008544922
10.55,17.066204662959453,19.78228999685724,19.74591577072082,12.155013286873082,15.007223313640857,16.662865881732877,121.66100311279297,133.58599853515625,133.81500244140625,133.4290008544922
10.600000000000001,17.221873907388066,19.94994133195771,19.79014893474443,12.194016887518439,15.24522440673727,16.939858679654208,121.89900207519531,133.58700561523438,134.0919952392578,133.4290008544922
10.65,17.371358199377028,19.78228997109586,19.830036827761024,12.229038102839583,15.485224319911321,17.214867835514625,122.13899993896484,133.58799743652344,134.36700439453125,133.4290008544922
10.700000000000001,17.52819537396487,19.949941314606303,19.865856693565327,12.263037289160586,15.728230251937385,17.491860633404002,122.38200378417969,133.58900451660156,134.6439971923828,133.4290008544922
10.75,17.674706582486053,19.782289954708173,19.866184194685218,12.293048778305337,15.973225369125034,17.76686978918504,122.62699890136719,133.58900451660156,134.91900634765625,133.4290008544922
10.8,17.812980127357175,19.94994130180324,19.866144520433302,12.324049677031423,16.21922956577417,18.04386258705883,122.87300109863281,133.58999633789062,135.1959991455078,133.4290008544922
10.850000000000001,17.958960755640764,19.78228994177238,19.866108453545387,12.350040810593095,16.46823011509058,18.318856483998832,123.12200164794922,133.58999633789062,135.4709930419922,133.4290008544922
10.9,18.098543841557397,19.949941291676183,19.866112045966933,12.377046579707558,16.7182301500919,18.595864540652713,123.37200164794922,133.58999633789062,135.7480010986328,133.4290008544922
10.950000000000001,18.23329511062259,19.782289930032682,19.866119244525475,12.399027430940867,16.97122853185273,18.87086022614437,123.625,133.58999633789062,136.0229949951172,133.42999267578125
11.0,18.379320462619926,19.949941282417416,19.866115631692715,12.42203577399905,17.225226339278873,19.14786828279186,123.87899780273438,133.58999633789062,136.3000030517578,133.42999267578125
11.05,18.533085654936166,19.782289919544077,19.8661156239614,12.44002439586316,17.48223012365467,19.422862179642344,124.13600158691406,133.58999633789062,136.5749969482422,133.42999267578125
11.100000000000001,18.69279239244496,19.949941273855227,19.86611561815115,12.457028911101668,17.741225179975785,19.69886315620688,124.3949966430664,133.58999633789062,136.8509979248047,133.42999267578125
11.15,18.856062579825547,19.782289910068204,19.866115612048386,12.472027063851613,18.002226767456587,19.974864133090797,124.65599822998047,133.58999633789062,137.1269989013672,133.42999267578125
11.200000000000001,19.0075959161204,19.9499412669975,19.866115607287508,12.485013811298185,18.265229126631876,20.250865109653336,124.91899871826172,133.58900451660156,137.4029998779297,133.42999267578125
11.25,19.14706935176322,19.78228990229125,19.866115602045817,12.496014505730797,18.53022851696936,20.526866086501162,125.18399810791016,133.58900451660156,137.6790008544922,133.42999267578125
11.3,19.28697298681482,19.94994126145527,19.866115598011017,12.505003697100344,18.797228707815226,20.802867063064337,125.45099639892578,133.58799743652344,137.9550018310547,133.42999267578125
11.350000000000001,19.412835796524558,19.782289896070637,19.866115593440846,12.510979806569479,19.06623535841697,21.077860959801452,125.72000122070312,133.58700561523438,138.22999572753906,133.42999267578125
11.4,19.506550571083643,19.949941256841157,19.866115589957342,12.517990667996836,19.3362320017732,21.354869016444944,125.98999786376953,133.58700561523438,138.5070037841797,133.42999267578125
11.450000000000001,19.56484033185604,19.78228989032314,19.86611558598639,12.520956059369741,19.608237040147515,21.62986475720517,126.26200103759766,133.58599853515625,138.78199768066406,133.43099975585938
11.5,19.60318575001123,19.949941253056625,19.86611558305031,12.525955953753144,19.880234393057304,21.906872813852107,126.53399658203125,133.5850067138672,139.0590057373047,133.43099975585938
11.55,19.6236382395596,19.782289885800793,19.866115579675984,12.52894645001492,20.152237567009333,22.18186671053809,126.80599975585938,133.5850067138672,139.33399963378906,133.43099975585938
11.600000000000001,19.631380060664583,19.949941250109525,19.866115577301414,12.532923987175947,20.42524204911206,22.458859508399705,127.0790023803711,133.58399963378906,139.61099243164062,133.43099975585938
11.65,19.630835046608148,19.782289882241244,19.86611557451872,12.534925745115565,20.698238901852235,22.73386866385459,127.35199737548828,133.58299255371094,139.88600158691406,133.43099975585938
11.700000000000001,19.626555927679256,19.94994124753433,19.866115572572404,12.53990302005233,20.970243883986672,23.010861461720204,127.6240005493164,133.58200073242188,140.16299438476562,133.43099975585938
11.75,19.622311919451462,19.7822898793432,19.8661155702776,12.54189732059069,21.2432483660321,23.285870617159112,127.89700317382812,133.58099365234375,140.43800354003906,133.43099975585938
11.8,19.619359714189535,19.949941245495918,19.866115568681664,12.546874770215702,21.51525334814059,23.562863415029625,128.16900634765625,133.5800018310547,140.71499633789062,133.43099975585938
11.850000000000001,19.61705511628898,19.782289876835115,19.86611556675811,12.54887687077433,21.78825020082656,23.83787257045661,128.44200134277344,133.57899475097656,140.99000549316406,133.43099975585938
11.9,19.612984860206954,19.949941243821584,19.866115565456152,12.553866147956523,22.060253374661112,24.11486536833131,128.71400451660156,133.57899475097656,141.26699829101562,133.43099975585938
11.950000000000001,19.605061681786392,19.7822898747046,19.866115563894297,12.555856766228308,22.333250171476497,24.389876367699564,128.98699951171875,133.5780029296875,141.54200744628906,133.4320068359375
12.0,19.590803464159563,19.949941242403977,19.86611556282903,12.56083438806945,22.60525520963687,24.666869165579005,129.25900268554688,133.57699584960938,141.81900024414062,133.4320068359375
12.05,19.567937032979636,19.782289872963098,19.866115561545264,12.563813504709845,22.8772601917293,24.941863062194745,129.531005859375,133.5760040283203,142.093994140625,133.4320068359375
12.100000000000001,19.537333811863565,19.949941241351638,19.866115560669474,12.568806561488682,23.148258156739242,25.217864038787997,129.802001953125,133.5749969482422,142.3699951171875,133.4320068359375
12.15,19.498736538933557,19.782289871521698,19.866115559597517,12.573799880461037,23.41925606547372,25.493865015474697,130.072998046875,133.57400512695312,142.64599609375,133.4320068359375
12.200000000000001,19.450136399383656,19.949941240562545,19.86611555890034,12.57879311597579,23.690254030483153,25.769865992073232,130.343994140625,133.572998046875,142.9219970703125,133.4320068359375
12.25,19.39339296719489,19.78228987037221,19.866115558003237,12.585781202468178,23.959266481657487,26.045866968751962,130.61300659179688,133.572998046875,143.197998046875,133.4320068359375
12.3,19.33477845276953,19.94994123983442,19.86611555743709,12.592773481894238,24.228265502511682,26.3218679453538,130.8820037841797,133.57200622558594,143.4739990234375,133.4320068359375
12.350000000000001,19.275300894916327,19.782289869510855,19.866115556704663,12.600772702472224,24.496257507065003,26.597868922027086,131.14999389648438,133.5709991455078,143.75,133.4320068359375
12.4,19.20937921857913,19.949941239317845,19.86611555625429,12.609748689456305,24.763272898923617,26.873869898632027,131.41700744628906,133.57000732421875,144.0260009765625,133.4320068359375
12.450000000000001,19.138778138705593,19.782253819811558,19.866111950764985,12.61773300769317,25.030271189940134,27.14886558382104,131.6840057373047,133.57000732421875,144.30099487304688,133.43299865722656
12.5,19.06436112687404,19.949941238884225,19.86611195041301,12.62973008269086,25.29527249319208,27.42587364050679,131.94900512695312,133.56900024414062,144.5780029296875,133.43299865722656
12.55,18.986991742338834,19.782289868013066,19.866111949918007,12.64072023711518,25.559266723664972,27.70086753709371,132.21299743652344,133.5679931640625,144.85299682617188,133.43299865722656
12.600000000000001,18.907426954444045,19.949941238679806,19.866111949650822,12.654727007621467,25.822267211947565,27.977875593782766,132.4759979248047,133.5679931640625,145.1300048828125,133.43299865722656
12.65,18.838769717159966,19.782289867443033,19.866111949242956,12.667700968315067,26.08427775617941,28.252869490365633,132.73800659179688,133.56700134277344,145.40499877929688,133.43299865722656
12.700000000000001,18.80528619489998,19.949941238398498,19.866111949026553,12.683711201827277,26.345266027330542,28.529877547056962,132.99899291992188,133.5659942626953,145.6820068359375,133.43299865722656
12.75,18.80603684234825,19.782289867117516,19.866111948701086,12.697702742935187,26.60626761424514,28.804871443636642,133.25999450683594,133.5659942626953,145.95700073242188,133.43299865722656
12.8,18.819678390298982,19.949941238273755,19.86611194854502,12.71267571551513,26.868278158480077,29.081864241541037,133.52200317382812,133.56500244140625,146.23399353027344,133.43299865722656
12.850000000000001,18.837134529725343,19.782253817988195,19.866108343392753,12.726682529463233,27.129279745397326,29.356873396907943,133.7830047607422,133.56500244140625,146.50900268554688,133.43299865722656
12.9,18.85693050874334,19.94994123820041,19.86610834328101,12.741670719737824,27.391275089162274,29.633866194814708,134.0449981689453,133.56399536132812,146.78599548339844,133.43299865722656
12.950000000000001,18.87798675597499,19.78228986665383,19.866111947965237,12.754670521561383,27.65328375615712,29.908875350178512,134.3070068359375,133.56399536132812,147.06100463867188,133.43299865722656
13.0,18.90037709764036,19.94994123817099,19.866111947893913,12.768651801870723,27.91628424444139,30.185869978832113,134.57000732421875,133.56399536132812,147.33799743652344,133.4340057373047
13.05,18.924997578592546,19.7822538175993,19.866108342852534,12.781656826706385,28.178279529994786,30.46087913419337,134.83200073242188,133.56300354003906,147.61300659179688,133.4340057373047
13.100000000000001,18.953183759715646,19.94994123814174,19.866108342798732,12.79564842451441,28.44128001827775,30.737871932103374,135.09500122070312,133.56300354003906,147.88999938964844,133.4340057373047
13.15,18.986410149248314,19.78225381749841,19.866104737804267,12.806639348302564,28.705274248750744,31.012865828674567,135.35899353027344,133.56199645996094,148.1649932861328,133.4340057373047
13.200000000000001,19.019240278530912,19.949941238311045,19.86610473779552,12.818632158171381,28.969281817111213,31.28886680529801,135.6230010986328,133.56199645996094,148.4409942626953,133.4340057373047
13.25,19.046525958557176,19.782253817464873,19.866101132830256,12.830640227027212,29.233274126682325,31.56486778194502,135.88699340820312,133.56199645996094,148.7169952392578,133.4340057373047
13.3,19.06423661083761,19.949941238341154,19.866101132836995,12.841641267096195,29.49827351633083,31.840868758569304,136.15199279785156,133.56199645996094,148.9929962158203,133.4340057373047
13.350000000000001,19.064668200033616,19.78225381742947,19.86610113278112,12.852617211287631,29.763290020714845,32.116869735214344,136.41700744628906,133.56100463867188,149.2689971923828,133.4340057373047
13.4,19.047243502121145,19.949941238551123,19.866101132816194,12.86462529263341,30.027282330285388,32.39287071184012,136.68099975585938,133.56100463867188,149.5449981689453,133.4340057373047
13.450000000000001,19.017722067734134,19.7822538175675,19.866097527907563,12.874634570779614,30.292281719934802,32.66787986719541,136.9459991455078,133.56100463867188,149.82000732421875,133.4340057373047
13.5,18.98672454515113,19.94994123868495,19.866097527958956,12.8876094336214,30.556289288295513,32.94487444079936,137.2100067138672,133.56100463867188,150.0970001220703,133.43499755859375
13.55,18.96220909996908,19.782253817671265,19.866097527966154,12.899602268982953,30.819289776578106,33.2198683373639,137.47300720214844,133.56100463867188,150.3719940185547,133.43499755859375
13.600000000000001,18.95436039738742,19.949941238870796,19.866097528039056,12.913624427879192,31.082275006071306,33.49687639406929,137.73599243164062,133.56100463867188,150.6490020751953,133.43499755859375
13.65,18.966815914643504,19.7822898666438,19.866101132953595,12.924610233336805,31.346282574430692,33.77187029063383,138.0,133.56100463867188,150.9239959716797,133.43499755859375
13.700000000000001,18.99979194080342,19.949941239131103,19.866101133035603,12.938617136763469,31.609283062712215,34.048878347340086,138.26300048828125,133.56100463867188,151.2010040283203,133.43499755859375
13.75,19.050227737545974,19.782289866870403,19.866104737976155,12.948611169920294,31.874282452362113,34.323872243902706,138.5279998779297,133.56100463867188,151.4759979248047,133.43499755859375
13.8,19.1110319602349,19.94994123931459,19.8661047380735,12.960619268909698,32.139281842012835,34.600880300608964,138.79299926757812,133.56100463867188,151.7530059814453,133.43499755859375
13.850000000000001,19.177775740595848,19.782253818071975,19.86610473813775,12.969596525867908,32.40529021809949,34.875874197171825,139.0590057373047,133.55999755859375,152.0279998779297,133.43499755859375
13.9,19.24052502437973,19.949941239602595,19.866104738242896,12.979600306700979,32.67229040839349,35.152866995089894,139.3260040283203,133.56100463867188,152.30499267578125,133.43499755859375
13.950000000000001,19.291608243699507,19.782253818265193,19.866104738312664,12.987610793613811,32.939288699410845,35.42787615044062,139.59300231933594,133.56100463867188,152.5800018310547,133.43499755859375
14.0,19.333512765914556,19.949941239838807,19.866104738428053,12.995596297310318,33.20828589179426,35.704870779106265,139.86199951171875,133.56100463867188,152.85699462890625,133.43600463867188
14.05,19.362060337785532,19.782253818632917,19.866104738524218,13.002599757589397,33.47629126288811,35.97987993445723,140.1300048828125,133.56100463867188,153.1320037841797,133.43600463867188
14.100000000000001,19.367785548568264,19.949941240036324,19.866104738640768,13.010594993877694,33.74528845527102,36.25687273237707,140.3990020751953,133.56100463867188,153.40899658203125,133.43600463867188
14.15,19.348705642495023,19.78228986760649,19.86610473873704,13.016606679333462,34.01428564765491,36.53188188772614,140.66799926757812,133.56100463867188,153.6840057373047,133.43600463867188
14.200000000000001,19.309898473494425,19.949941240400197,19.866104738863946,13.023610140794935,34.283282840040485,36.80788286435694,140.93699645996094,133.56100463867188,153.9600067138672,133.43600463867188
14.25,19.258489606518598,19.782289867878255,19.866104738964733,13.032597153767533,34.550281131060494,37.083868582205746,141.20399475097656,133.56100463867188,154.23599243164062,133.43600463867188
14.3,19.199594586440114,19.949941240644737,19.866104739097747,13.041599425549279,34.817279422080915,37.35986955883676,141.4709930419922,133.56100463867188,154.51199340820312,133.43600463867188
14.350000000000001,19.14044718773474,19.78228986807931,19.866108344098482,13.050586439663789,35.08429297189022,37.63587053547463,141.73800659179688,133.56100463867188,154.78799438476562,133.43600463867188
14.4,19.092099009003498,19.949941240861587,19.86610834422438,13.061587522402506,35.349292361542,37.91187151210543,142.0030059814453,133.56100463867188,155.06399536132812,133.43600463867188
14.450000000000001,19.063479859965508,19.78228986830904,19.866111949228767,13.072588605848972,35.6142917511919,38.187872488743295,142.26800537109375,133.56100463867188,155.33999633789062,133.43600463867188
14.5,19.065315170508708,19.949941241172734,19.866111949362157,13.083589690295701,35.87929299689378,38.463875247445294,142.5330047607422,133.56199645996094,155.61599731445312,133.43699645996094
14.55,19.093576047179162,19.782253819776148,19.866111949476483,13.09359899935556,36.14429238654275,38.738884402793204,142.79800415039062,133.56199645996094,155.89100646972656,133.43699645996094
14.600000000000001,19.14293238406987,19.949941241463698,19.86611194961922,13.105591861599398,36.40929177619351,39.01587720071438,143.06300354003906,133.56199645996094,156.16799926757812,133.43699645996094
14.65,19.204564222111568,19.78225382013942,19.866108344872515,13.113587103536585,36.676290067213294,39.29087109727346,143.3300018310547,133.56199645996094,156.4429931640625,133.43699645996094
14.700000000000001,19.261624706295347,19.94994124177774,19.866108345010268,13.123596414840547,36.94328835823325,39.56787915398482,143.5970001220703,133.56199645996094,156.72000122070312,133.43699645996094
14.75,19.30928838485863,19.782253820487647,19.866104740271208,13.130584623323598,37.21129372932996,39.8428730505439,143.86500549316406,133.56199645996094,156.9949951171875,133.43699645996094
14.8,19.34788143941242,19.949941241933644,19.866104740400097,13.139611778557217,37.479285733882726,40.11988110725685,144.13299560546875,133.56300354003906,157.27200317382812,133.43699645996094
14.850000000000001,19.371965642566067,19.782253820721625,19.86610113566433,13.145608206963171,37.74828292626606,40.394875003815,144.40199279785156,133.56300354003906,157.5469970703125,133.43699645996094
14.9,19.38193754676767,19.94994124223815,19.866101135801983,13.153603445398483,38.01729537743795,40.67188306052818,144.67100524902344,133.56300354003906,157.82400512695312,133.43699645996094
14.950000000000001,19.37268504095032,19.782253821029176,19.866097531073997,13.15959987438035,38.28629256982097,40.94687695708564,144.94000244140625,133.56300354003906,158.0989990234375,133.43699645996094
15.0,19.34417381917662,19.94994124288016,19.86609753124474,13.167600772957424,38.555289762204886,41.22388684444129,145.20899963378906,133.56300354003906,158.37600708007812,133.43800354003906
15.05,19.298561534484,19.782253821314786,19.8660975313986,13.173606655288994,38.824288783059245,41.49888074099852,145.47799682617188,133.56399536132812,158.6510009765625,133.43800354003906
15.100000000000001,19.242472918012286,19.949941243148455,19.86609753156708,13.183600705421828,39.09128707407859,41.77587353892082,145.7449951171875,133.56399536132812,158.92799377441406,133.43800354003906
15.15,19.187069168978905,19.782253821682954,19.86609753172143,13.19161120398435,39.35828536509794,42.05088269426734,146.01199340820312,133.56399536132812,159.2030029296875,133.43800354003906
15.200000000000001,19.141673267692195,19.949941243473205,19.86609753189098,13.202597031487116,39.62429183482717,42.327875492189634,146.2779998779297,133.56399536132812,159.47999572753906,133.43800354003906
15.25,19.115105175862556,19.78225382200514,19.866097532042726,13.211599307294225,39.89029830455482,42.60288464753592,146.54400634765625,133.56399536132812,159.7550048828125,133.43800354003906
15.3,19.113088115937323,19.949941243844787,19.86609753223384,13.222610028748845,40.155299607805105,42.878885624169186,146.8090057373047,133.56500244140625,160.031005859375,133.43800354003906
15.350000000000001,19.13540920815909,19.782253822335676,19.866097532395248,13.232619332945227,40.42129081874294,43.154886600804275,147.0749969482422,133.56500244140625,160.3070068359375,133.43800354003906
15.4,19.178140843542792,19.949941244169533,19.866097532588388,13.242598121813396,40.6872972884712,43.43087231864871,147.34100341796875,133.56500244140625,160.58299255371094,133.43800354003906
15.450000000000001,19.237504731109453,19.782253822603682,19.866097532745837,13.251600393578643,40.954295579490186,43.706873295284026,147.60800170898438,133.56500244140625,160.85899353027344,133.43800354003906
15.5,19.303312840498798,19.94994124448202,19.86609753290602,13.26060266605373,41.22129387051061,43.98287427191752,147.875,133.56500244140625,161.13499450683594,133.43800354003906
15.55,19.365773521763135,19.782253822980525,19.866097533072598,13.266604895836876,41.49029106289755,44.25788521576112,148.1439971923828,133.56500244140625,161.41000366210938,133.43899536132812
15.600000000000001,19.417577456361844,19.94994124483294,19.866097533241042,13.274609592705723,41.75929008375226,44.5348780136832,148.41299438476562,133.5659942626953,161.68699645996094,133.43899536132812
15.65,19.451919944793943,19.7822538232644,19.866097533399188,13.279614246488366,42.02929435621427,44.80988716902949,148.68299865722656,133.5659942626953,161.96200561523438,133.43899536132812
15.700000000000001,19.466284490824094,19.949941245188537,19.86609753357072,13.285610676556031,42.30029044996437,45.086879966951784,148.95399475097656,133.5659942626953,162.23899841308594,133.43899536132812
15.75,19.455340958875816,19.782253823685675,19.866097533738774,13.290615330704398,42.57029472242554,45.361889122298074,149.2239990234375,133.5659942626953,162.51400756835938,133.43899536132812
15.8,19.41944812871197,19.94994124551444,19.866097533905737,13.297603537263042,42.84029899488801,45.63888192022015,149.49400329589844,133.5659942626953,162.79100036621094,133.43899536132812
15.850000000000001,19.362784251175313,19.782253823892898,19.86609753406146,13.30360961981227,43.109298072436815,45.91387581677738,149.76300048828125,133.56700134277344,163.0659942626953,133.43899536132812
15.9,19.291899932213667,19.949941245842965,19.866097534228803,13.311620113509978,43.37829526482513,46.19088387348874,150.03199768066406,133.56700134277344,163.34300231933594,133.43899536132812
15.950000000000001,19.214138847507684,19.78225382428572,19.866097534397007,13.319615349423307,43.645293555847026,46.4658777700462,150.2989959716797,133.56700134277344,163.6179962158203,133.43899536132812
16.0,19.141996261015986,19.94994124622924,19.86609753457173,13.330616428750949,43.911300025578896,46.74288582675847,150.56500244140625,133.56700134277344,163.89500427246094,133.43899536132812
16.05,19.090731170789383,19.78225382458269,19.866097534731946,13.339609073577893,44.17729123651938,47.01788156736937,150.83099365234375,133.56700134277344,164.1699981689453,133.44000244140625
16.1,19.063515867982648,19.949941246506327,19.866097534899286,13.352608973307897,44.44129880487946,47.294889624081634,151.09500122070312,133.56700134277344,164.44700622558594,133.44000244140625
16.150000000000002,19.059555556031093,19.782253824900387,19.866097535062885,13.362612491466662,44.70630005058128,47.56988352063886,151.36000061035156,133.5679931640625,164.7220001220703,133.44000244140625
16.2,19.081191693261562,19.94994124686468,19.866097535230498,13.374605350069258,44.97129944023051,47.84687631856184,151.625,133.5679931640625,164.99899291992188,133.44000244140625
16.25,19.125579848747982,19.782253825250276,19.86609753538696,13.384614657627857,45.236298829881754,48.12188547390813,151.88999938964844,133.5679931640625,165.2740020751953,133.44000244140625
16.3,19.187031159516224,19.949941247278336,19.86609753556335,13.393616931918112,45.503297120902175,48.3978864505414,152.15699768066406,133.5679931640625,165.5500030517578,133.44000244140625
16.35,19.258490347655886,19.782289874470436,19.866101140621105,13.402619206621946,45.770295411924074,48.67388742717649,152.4239959716797,133.5679931640625,165.8260040283203,133.44000244140625
16.400000000000002,19.333695182809915,19.949941247348786,19.866101140771683,13.41061444780852,46.03830078302407,48.949888403813425,152.69200134277344,133.5679931640625,166.1020050048828,133.44000244140625
16.45,19.408215086244375,19.7822538259511,19.86610114093822,13.417617913113409,46.307297975411885,49.225889380448514,152.96099853515625,133.5679931640625,166.3780059814453,133.44000244140625
16.5,19.473123673736897,19.949941247980767,19.866101141113376,13.423623984615165,46.577304126007085,49.501890357081784,153.2310028076172,133.56900024414062,166.6540069580078,133.44000244140625
16.55,19.523054787683588,19.782253826290013,19.86610114128411,13.427612111042222,46.848300219758514,49.77688604223557,153.5019989013672,133.56900024414062,166.9290008544922,133.4409942626953
16.6,19.56409555368697,19.94994124826627,19.866101141460103,13.433608542851664,47.11929631350889,50.053878840158774,153.7729949951172,133.56900024414062,167.20599365234375,133.4409942626953
16.650000000000002,19.603514106200326,19.782289875479332,19.866104746517998,13.43661438778291,47.391299487337065,50.32888799550529,154.0449981689453,133.56900024414062,167.4810028076172,133.4409942626953
16.7,19.639226486497613,19.949941248595405,19.86610474669107,13.440612009226307,47.66429448245425,50.6058807934285,154.3179931640625,133.56900024414062,167.75799560546875,133.4409942626953
16.75,19.660323624729678,19.7822538269767,19.866104746863712,13.442610819873945,47.9373047363606,50.88088994877479,154.59100341796875,133.56900024414062,168.0330047607422,133.4409942626953
16.8,19.665111194103215,19.949941249028438,19.866104747038722,13.446618066154134,48.210301589034195,51.157882746697766,154.86399841308594,133.57000732421875,168.30999755859375,133.4409942626953
16.85,19.654959063082913,19.78225382733089,19.866101142324766,13.448632133532518,48.483296584152676,51.432891902044055,155.13699340820312,133.57000732421875,168.5850067138672,133.4409942626953
16.900000000000002,19.631738343868854,19.949941249331903,19.86610114252308,13.45261449433934,48.75630683806102,51.709884699967034,155.41000366210938,133.57000732421875,168.86199951171875,133.4409942626953
16.95,19.596746800264025,19.78225382764066,19.866101142692035,13.455605079404707,49.02831001189188,51.98487859652426,155.6820068359375,133.57000732421875,169.13699340820312,133.4409942626953
17.0,19.552430616187497,19.94994124965645,19.866101142859602,13.460624990390308,49.3002979269344,52.261886653236296,155.95399475097656,133.57000732421875,169.41400146484375,133.4409942626953
17.05,19.50174234572469,19.782289876858236,19.866104747916427,13.464597739552056,49.57130927947692,52.536882393846966,156.22500610351562,133.57000732421875,169.68899536132812,133.44200134277344
17.1,19.44731015316594,19.949941249984864,19.866104748088286,13.470609430931676,49.84230537323023,52.813890450559235,156.49600219726562,133.57000732421875,169.96600341796875,133.44200134277344
17.150000000000002,19.401914210243337,19.782253828301656,19.86610114337052,13.476615321507126,50.11130439408459,53.0888843471167,156.76499938964844,133.5709991455078,170.24099731445312,133.44200134277344
17.2,19.371566117966825,19.949941250430896,19.86610114355407,13.482611751068822,50.381308666546516,53.364885323751096,157.03500366210938,133.5709991455078,170.51699829101562,133.44200134277344
17.25,19.351442186381256,19.782253828699194,19.86610114372632,13.48961521476673,50.6503058589295,53.640886300386185,157.3040008544922,133.5709991455078,170.79299926757812,133.44200134277344
17.3,19.349354724560367,19.94994125075179,19.866101143898657,13.497610454929914,50.91831123002326,53.916887277021274,157.57200622558594,133.5709991455078,171.06900024414062,133.44200134277344
17.35,19.36782202450963,19.782253829085423,19.86610114407411,13.504613919348587,51.18730842240661,54.19288825365636,157.84100341796875,133.5709991455078,171.34500122070312,133.44200134277344
17.400000000000002,19.406090495861825,19.949941251097094,19.866101144250628,13.511617384243577,51.45630561479124,54.46888923029145,158.11000061035156,133.5709991455078,171.62100219726562,133.44200134277344
17.45,19.457714240811836,19.78225382939323,19.866101144425887,13.516606780890326,51.72630988725512,54.74388312684868,158.3800048828125,133.5709991455078,171.89599609375,133.44200134277344
17.5,19.514414015889336,19.949941251458142,19.866101144606056,13.522618470194846,51.997305981009,55.02089118356163,158.6510009765625,133.5709991455078,172.17300415039062,133.44200134277344
17.55,19.572337747479832,19.782253829787127,19.86609753989894,13.525609056743209,52.26930915484058,55.29588508011886,158.92300415039062,133.5709991455078,172.447998046875,133.44200134277344
17.6,19.623170142086597,19.949941251819226,19.866097540082375,13.530613857580414,52.54131419300026,55.57289491242333,159.19500732421875,133.57200622558594,172.72500610351562,133.4429931640625
17.650000000000002,19.661258397196168,19.782289878998,19.866101145152008,13.53261266803078,52.81430918811862,55.84788880898056,159.46800231933594,133.57200622558594,173.0,133.4429931640625
17.7,19.689697560401026,19.949941252190992,19.86610114532802,13.536610289217762,53.0873041832362,56.124881606904445,159.74099731445312,133.57200622558594,173.27699279785156,133.4429931640625
17.75,19.702369589387178,19.782253830476435,19.866101145505745,13.537617323486947,53.36130625843151,56.399890762250735,160.01499938964844,133.57200622558594,173.552001953125,133.4429931640625
17.8,19.693118722075276,19.949941252342242,19.86610114566479,13.541614944799303,53.63430125354896,56.67688356017623,160.28799438476562,133.57200622558594,173.82899475097656,133.4429931640625
17.85,19.66500227685439,19.782253830932547,19.866101145849502,13.542621979092061,53.90830332874569,56.95189271552252,160.56199645996094,133.57200622558594,174.10400390625,133.4429931640625
17.900000000000002,19.620974505338104,19.949941252735464,19.86610114601334,13.547611376841116,54.18030650257637,57.22888551344825,160.83399963378906,133.57200622558594,174.38099670410156,133.4429931640625
17.95,19.563661876862103,19.782253831276503,19.866101146201665,13.550617221924421,54.45230967640836,57.50389466879454,161.1060028076172,133.57200622558594,174.656005859375,133.4429931640625
18.0,19.49803398434054,19.9499412533194,19.86610114638779,13.555616095696712,54.72431465850315,57.780887466717516,161.3780059814453,133.572998046875,174.93299865722656,133.4429931640625
18.05,19.44029049634826,19.782253831581443,19.866101146567225,13.560620748334246,54.994303672178916,58.05588136327474,161.6479949951172,133.572998046875,175.20799255371094,133.4429931640625
18.1,19.398961277954783,19.949941253606713,19.866101146745972,13.567614598411001,55.26430794464197,58.33289125063197,161.91799926757812,133.572998046875,175.48500061035156,133.44400024414062
18.150000000000002,19.369765105123165,19.78225383188432,19.866097542034602,13.573611031505608,55.53330513702547,58.607885147189194,162.18699645996094,133.572998046875,175.75999450683594,133.44400024414062
18.2,19.361954512606957,19.949941253955114,19.866097542211016,13.580614499625284,55.80230232940829,58.88388612382359,162.45599365234375,133.572998046875,176.03599548339844,133.44400024414062
18.25,19.378406564008674,19.78225383223795,19.866097542387166,13.587602709837293,56.07131478058056,59.15988710045891,162.72500610351562,133.572998046875,176.31199645996094,133.44400024414062
18.3,19.416565200478153,19.94994125440464,19.866097542593405,13.594606178619486,56.34031197296519,59.43588807709331,162.99400329589844,133.572998046875,176.58799743652344,133.44400024414062
18.35,19.472257350537657,19.782253832551085,19.86609754275526,13.600602612809809,56.6103162454296,59.7118890537284,163.26400756835938,133.572998046875,176.86399841308594,133.44400024414062
18.400000000000002,19.541234384661813,19.949941254677306,19.86609754294944,13.605607270669562,56.88131233918456,59.98789003036349,163.53500366210938,133.572998046875,177.13999938964844,133.44400024414062
18.45,19.616653867609145,19.782253832900725,19.866097543111863,13.608597858876779,57.15331551301812,60.262883926920715,163.8070068359375,133.572998046875,177.4149932861328,133.44400024414062
18.5,19.686314118898608,19.949941255022964,19.86609754328222,13.612620320932383,57.42631236569572,60.539891983633666,164.0800018310547,133.57400512695312,177.69200134277344,133.44400024414062
18.55,19.740097404914177,19.78228988216208,19.866101148340285,13.61361209693315,57.70031444089358,60.81488588019089,164.35400390625,133.57400512695312,177.9669952392578,133.44400024414062
18.6,19.769870378361208,19.94994125516834,19.866101148496448,13.615616586768306,57.97530833737872,61.09189576755064,164.62899780273438,133.57400512695312,178.24400329589844,133.44500732421875
18.650000000000002,19.768754578517875,19.78225383370944,19.866101148678958,13.616608363471306,58.249310412574054,61.366889664107866,164.9029998779297,133.57400512695312,178.5189971923828,133.44500732421875
18.7,19.742402810119312,19.949941255747216,19.866101148858167,13.618622433318771,58.52430430905951,61.643897720820135,165.17799377441406,133.57400512695312,178.79600524902344,133.44500732421875
18.75,19.693802013173805,19.782253833988605,19.86610114903323,13.6206059868322,58.79731456296881,61.9188916173776,165.4510040283203,133.57400512695312,179.0709991455078,133.44500732421875
18.8,19.633105923297425,19.94994125613402,19.866101149206166,13.62461886847956,59.07030955809117,62.19589967408986,165.7239990234375,133.57400512695312,179.34800720214844,133.44500732421875
18.85,19.57140217576634,19.78225383436641,19.8661011493877,13.626627105445252,59.34330635490681,62.470893570647085,165.9969940185547,133.5749969482422,179.6230010986328,133.44500732421875
18.900000000000002,19.50829425050802,19.94994125645276,19.866101149565246,13.632608278767801,59.614317707450596,62.747886368570974,166.26800537109375,133.5749969482422,179.89999389648438,133.44500732421875
18.95,19.447993008801735,19.782253834688785,19.866101149744054,13.63762819214723,59.88430672112615,63.02289552391726,166.53799438476562,133.5749969482422,180.1750030517578,133.44500732421875
19.0,19.404830450011282,19.94994125679858,19.866101149921615,13.644616400286424,60.1543109935889,63.29988832184115,166.80799865722656,133.5749969482422,180.45199584960938,133.44500732421875
19.05,19.38139352169515,19.782289883937615,19.86610115009917,13.650628090394108,60.423308185972104,63.57489747718744,167.07699584960938,133.5749969482422,180.7270050048828,133.44500732421875
19.1,19.377937994340698,19.949941257144435,19.866101150296778,13.656615118218031,60.693312458433056,63.850900235892844,167.3470001220703,133.5749969482422,181.0030059814453,133.4459991455078
19.150000000000002,19.398997434746093,19.782289884274203,19.866104755353255,13.66361859003845,60.96230965081666,64.12690121252793,167.61599731445312,133.5749969482422,181.2790069580078,133.4459991455078
19.200000000000003,19.44482591376108,19.9499412575177,19.86610475553031,13.669599768973878,61.23231392328,64.40288693037395,167.88600158691406,133.5749969482422,181.55499267578125,133.4459991455078
19.25,19.506962235685652,19.782253835754744,19.86610475570692,13.675596206119247,61.50231819574568,64.67888790700904,168.156005859375,133.5749969482422,181.83099365234375,133.4459991455078
19.3,19.574066446193356,19.94994125763698,19.866104755857215,13.679609089248284,61.77430611079018,64.95488888364574,168.42799377441406,133.5749969482422,182.10699462890625,133.4459991455078
19.35,19.640485731940874,19.782253836179994,19.866104756038574,13.682624468686198,62.04631114895224,65.22989803899202,168.6999969482422,133.5760040283203,182.3820037841797,133.4459991455078
19.400000000000002,19.697113438213922,19.949941258030748,19.86610475619637,13.686606833000276,62.31932140286193,65.50689083691775,168.97300720214844,133.5760040283203,182.65899658203125,133.4459991455078
19.450000000000003,19.742545367881274,19.782253836541543,19.866104756381645,13.687629125688083,62.593308219269865,65.78189999226404,169.2469940185547,133.5760040283203,182.9340057373047,133.4459991455078
19.5,19.776242503645683,19.949941258630908,19.866104756564877,13.689612678881426,62.868317374543814,66.05889279018703,169.52200317382812,133.5760040283203,183.21099853515625,133.4459991455078
19.55,19.788590105145357,19.782289885729575,19.866104756744072,13.689612678809558,63.1433112710282,66.33388668674426,169.7969970703125,133.5760040283203,183.48599243164062,133.4459991455078
19.6,19.780741731545362,19.949941258918663,19.866104756921494,13.692618524800254,63.4173133462239,66.6108947434563,170.0709991455078,133.5760040283203,183.76300048828125,133.4459991455078
19.650000000000002,19.751581586531955,19.782253837145884,19.866101152208664,13.692609000003502,63.69230724270995,66.88589048406698,170.3459930419922,133.5760040283203,184.03799438476562,133.44700622558594
19.700000000000003,19.704098290972013,19.9499412592825,19.86610115238514,13.695624225922396,63.9663111129791,67.16289854077924,170.6199951171875,133.57699584960938,184.31500244140625,133.44700622558594
19.75,19.643185906051862,19.782253837540143,19.86610115256368,13.69760777907365,64.23932136689004,67.4378924373367,170.89300537109375,133.57699584960938,184.58999633789062,133.44700622558594
19.8,19.574641451962016,19.949941259734402,19.86610115277342,13.702627694749076,64.51130928193429,67.71490049404896,171.1649932861328,133.57699584960938,184.86700439453125,133.44700622558594
19.85,19.510381666405898,19.78225383783239,19.86610115293866,13.705618282771916,64.78331245576717,67.9898943906062,171.43699645996094,133.57699584960938,185.14199829101562,133.44700622558594
19.900000000000002,19.460414427930196,19.949941260006522,19.86610115313624,13.712621752151652,65.05331672823087,68.26690244731914,171.70700073242188,133.57699584960938,185.41900634765625,133.44700622558594
19.950000000000003,19.423369887643876,19.78225383821089,19.866101153303173,13.717611151985771,65.32332100069287,68.54189634387637,171.9770050048828,133.57699584960938,185.69400024414062,133.44700622558594
20.0,19.40313787138557,19.949941260323207,19.866101153472407,13.724614621924857,65.59331001436489,68.81888914179936,172.2469940185547,133.57699584960938,185.9709930419922,133.44700622558594
20.05,19.407637129888474,19.78225383854937,19.866097548754386,13.730611057104934,65.8623224655369,69.09389829714566,172.51600646972656,133.57699584960938,186.24600219726562,133.44700622558594
20.1,19.43640245230768,19.94994126045892,19.86609754890841,13.736622750768856,66.13231147920996,69.36989927378329,172.78599548339844,133.57699584960938,186.52200317382812,133.44700622558594
20.150000000000002,19.482914146121296,19.78225383896076,19.8660975490899,13.742619330768097,66.40231762980478,69.64590203248869,173.05599975585938,133.5780029296875,186.79800415039062,133.447998046875
20.200000000000003,19.54238628092708,19.94994126106215,19.866097549267867,13.747623989796503,66.67331372355927,69.9219030091231,173.32699584960938,133.5780029296875,187.07400512695312,133.447998046875
20.25,19.60542211669473,19.782289888137335,19.866101154327588,13.751621613772823,66.9453168973924,70.19790398575842,173.5989990234375,133.5780029296875,187.35000610351562,133.447998046875
20.3,19.667414252003077,19.949941261435804,19.866101154497727,13.75462746100337,67.21831189251382,70.47390496239282,173.8719940185547,133.5780029296875,187.62600708007812,133.447998046875
20.35,19.736533751238383,19.782253839650224,19.86610115467951,13.755619237936417,67.49231396771256,70.74889885895006,174.14599609375,133.5780029296875,187.9010009765625,133.447998046875
20.400000000000002,19.80763420331744,19.949941261768704,19.86610115485573,13.758609827135698,67.76631604291063,71.02589165687395,174.4199981689453,133.5780029296875,188.17799377441406,133.447998046875
20.450000000000003,19.87020136729234,19.782253839973,19.86610115503194,13.75761805006668,68.04231701947505,71.30090081222023,174.6959991455078,133.5780029296875,188.4530029296875,133.447998046875
20.5,19.92557076259205,19.94994126211501,19.86610115521112,13.75860982715573,68.31831799603839,71.57789361014413,174.9720001220703,133.5780029296875,188.72999572753906,133.447998046875
20.55,19.966754045143663,19.782289889206563,19.86610476027684,13.755628647467653,68.59631964322507,71.85290276549041,175.25,133.57899475097656,189.0050048828125,133.447998046875
20.6,19.98774135958578,19.949941262491897,19.866104760480138,13.755628647539032,68.87331244107668,72.12989556341431,175.52699279785156,133.57899475097656,189.28199768066406,133.447998046875
20.650000000000002,19.99083810940128,19.78228988955939,19.86610836554,13.75262850467606,69.15131231900688,72.40490656271172,175.80499267578125,133.57899475097656,189.5570068359375,133.44900512695312
20.700000000000003,19.9732341947105,19.949941262636894,19.866108365697475,13.752613246630803,69.42832037564926,72.68189936063722,176.08200073242188,133.57899475097656,189.83399963378906,133.44900512695312
20.75,19.93521801791599,19.782253841099855,19.866104760993725,13.750614434482314,69.70531317350407,72.95689325719445,176.35899353027344,133.57899475097656,190.10899353027344,133.44900512695312
20.8,19.884385589940045,19.949941263003108,19.866104761150453,13.750614434536251,69.98232123014955,73.23390131390924,176.63600158691406,133.57899475097656,190.38600158691406,133.44900512695312
20.85,19.826173445171445,19.782253841497973,19.86610476133523,13.749616957246676,70.25832404404201,73.50889521046648,176.91200256347656,133.5800018310547,190.66099548339844,133.44900512695312
20.900000000000002,19.758133665701198,19.949941263376697,19.866104761496025,13.7526228023453,70.53232611924247,73.78590326718127,177.18600463867188,133.5800018310547,190.93800354003906,133.44900512695312
20.950000000000003,19.68228158792544,19.782253841918806,19.866104761690607,13.753614578554979,70.80632819444287,74.06089716373873,177.4600067138672,133.5800018310547,191.21299743652344,133.44900512695312
21.0,19.604522369927942,19.949941263771997,19.866104761856306,13.756620423733391,71.07932318956435,74.33689814037567,177.73300170898438,133.5800018310547,191.48899841308594,133.44900512695312
21.05,19.53518486868397,19.782253842295813,19.86610115716523,13.760618045179791,71.35132636339559,74.61289911701076,178.0050048828125,133.5800018310547,191.76499938964844,133.44900512695312
21.1,19.489358130232905,19.949941264377703,19.86610115735381,13.76562270134569,71.62232245714677,74.88890009364493,178.2760009765625,133.5800018310547,192.04100036621094,133.44900512695312
21.150000000000002,19.476397692195388,19.78225384257965,19.866097552655837,13.771609735396185,71.89232672960772,75.16490285235034,178.54600524902344,133.5800018310547,192.31700134277344,133.4499969482422
21.200000000000003,19.498322297566478,19.949941264705632,19.866097552862712,13.776614395354036,72.16332282335857,75.44090382898474,178.81700134277344,133.5800018310547,192.59300231933594,133.4499969482422
21.25,19.55023445517291,19.782253842895827,19.86609755304231,13.780612020080776,72.43431891711224,75.7158977255422,179.08799743652344,133.5800018310547,192.8679962158203,133.4499969482422
21.3,19.619570259901952,19.949941265008995,19.8660975532429,13.785616680344784,72.70632209094735,75.99290578225447,179.36000061035156,133.5800018310547,193.14500427246094,133.4499969482422
21.35,19.69686256935834,19.782253843222975,19.866097553415397,13.787624880449599,72.9793188877654,76.2678996788117,179.63299560546875,133.58099365234375,193.4199981689453,133.4499969482422
21.400000000000002,19.76702578965586,19.949941265444057,19.866097553622133,13.790630726339064,73.25332096296816,76.54490773552374,179.90699768066406,133.58099365234375,193.69700622558594,133.4499969482422
21.450000000000003,19.81738958085313,19.78225384363022,19.866097553793274,13.790615468184063,73.52833011824563,76.81990163208097,180.1820068359375,133.58099365234375,193.9720001220703,133.4499969482422
21.5,19.85112280693603,19.94994126577595,19.866097553993672,13.791622502911677,73.8043158360207,77.09689443000396,180.45799255371094,133.58099365234375,194.24899291992188,133.4499969482422
21.55,19.85536972485652,19.782253843977223,19.866097554161815,13.790630726297803,74.08031681258333,77.37190358535024,180.73399353027344,133.58099365234375,194.5240020751953,133.4499969482422
21.6,19.82786612684124,19.949941266113328,19.866097554335376,13.792614279459556,74.3553259678573,77.64889638327321,181.00900268554688,133.58099365234375,194.80099487304688,133.4499969482422
21.650000000000002,19.775557431937614,19.782253844299024,19.866097554507313,13.792629537475657,74.6303198643442,77.9239055386195,181.28399658203125,133.58099365234375,195.0760040283203,133.4499969482422
21.700000000000003,19.7045307713993,19.949941266482295,19.866097554684977,13.795610599319282,74.90432193954466,78.20090016728874,181.55799865722656,133.58099365234375,195.35299682617188,133.4510040283203
21.75,19.634834473061755,19.782289893531704,19.866101159748563,13.797634194595384,75.1773187922237,78.47590932263526,181.83099365234375,133.58200073242188,195.6280059814453,133.4510040283203
21.8,19.584326487723615,19.94994126688081,19.866101159935745,13.801616559149666,75.45032904613419,78.75290212055846,182.10400390625,133.58200073242188,195.90499877929688,133.4510040283203
21.85,19.550881678202874,19.782253844991796,19.866101160112628,13.80561418177805,75.72132513988603,79.0278960171157,182.375,133.58200073242188,196.17999267578125,133.4510040283203
21.900000000000002,19.54040518789108,19.94994126720253,19.866101160288473,13.810618839424272,75.99332831371449,79.30490407382864,182.64700317382812,133.58200073242188,196.45700073242188,133.4510040283203
21.950000000000003,19.558405616230967,19.782253845403584,19.86610116046581,13.814616462301387,76.26432440746461,79.57989797038587,182.91799926757812,133.58200073242188,196.73199462890625,133.4510040283203
22.0,19.600021522786623,19.949941267565105,19.866101160644725,13.818614085426068,76.53632758129429,79.85589894702096,183.19000244140625,133.58200073242188,197.00799560546875,133.4510040283203
22.05,19.66014254288857,19.782289894609107,19.86610476570791,13.821619931776937,76.80932257641491,80.13189992365605,183.46299743652344,133.58200073242188,197.28399658203125,133.4510040283203
22.1,19.732573401672926,19.94994126790989,19.866104765887563,13.823618743466188,77.08332465161537,80.40790090029114,183.73699951171875,133.58200073242188,197.55999755859375,133.4510040283203
22.150000000000002,19.81062275115597,19.78228989494667,19.86610837095233,13.825617555042456,77.35732672681627,80.68390187692623,184.01100158691406,133.58200073242188,197.83599853515625,133.4510040283203
22.200000000000003,19.876430913771674,19.94994126807187,19.866108371111288,13.825617555132,77.63332948545354,80.95990463563324,184.28700256347656,133.58299255371094,198.11199951171875,133.45199584960938
22.25,19.91484189519551,19.859329888813747,19.873812370639495,13.82561755488117,77.90933046201782,81.23590561328226,184.56300354003906,133.58299255371094,198.38800048828125,133.45199584960938
22.3,19.92319493572582,19.9504819970745,19.873866443658862,13.825617554972931,78.18632325986954,81.5128984112717,184.83999633789062,133.58299255371094,198.6649932861328,133.45199584960938
22.35,19.89752638104563,19.782398037898982,19.873880862949584,13.823618743285083,78.46333131651075,81.78790756659699,185.11700439453125,133.58299255371094,198.94000244140625,133.45199584960938
22.400000000000002,19.846010758791003,19.949905217043522,19.87387725793368,13.824610520106077,78.73933229307595,82.06490036454527,185.39300537109375,133.58299255371094,199.2169952392578,133.45199584960938
22.450000000000003,19.780058395333576,19.78225384330989,19.873877257724313,13.824625778135236,79.01432618956571,82.33990951987572,185.66799926757812,133.58299255371094,199.49200439453125,133.45199584960938
22.5,19.71421418475989,19.949941266798874,19.873877257647692,13.827616366606593,79.28832826476713,82.61690231781802,185.94200134277344,133.58299255371094,199.7689971923828,133.45199584960938
22.55,19.6600704113415,19.782289892939755,19.873877257480757,13.82964001222204,79.56132511744474,82.89191147315012,186.21499633789062,133.58399963378906,200.04400634765625,133.45199584960938
22.6,19.623097942196672,19.949941267358827,19.873877257425654,13.83362237485568,79.83433537135338,83.16890427109064,186.48800659179688,133.58399963378906,200.3209991455078,133.45199584960938
22.650000000000002,19.609382184599905,19.782253844919765,19.87387365242296,13.836628219410112,80.10632328639298,83.44389816763618,186.75999450683594,133.58399963378906,200.5959930419922,133.45199584960938
22.700000000000003,19.632206297129105,19.94994126807598,19.87387365242337,13.840616272030067,80.37933354029933,83.72090805500792,187.0330047607422,133.58399963378906,200.8730010986328,133.4530029296875
22.75,19.692938409805553,19.78225384526957,19.866166048068955,13.84261508382968,80.65232853541846,83.99590195155263,187.30599975585938,133.58399963378906,201.1479949951172,133.4530029296875
22.8,19.77105812887146,19.949941268621497,19.866111975223653,13.845620930790451,80.92633061061917,84.27291000827844,187.5800018310547,133.58399963378906,201.4250030517578,133.4530029296875
22.85,19.844173924307484,19.782289894872942,19.86610116092105,13.845620930749499,81.20132450710963,84.54790390482314,187.85499572753906,133.58399963378906,201.6999969482422,133.4530029296875
22.900000000000002,19.905985809277553,19.94994126899073,19.86610476611577,13.84662796584498,81.47732548367676,84.82491196154871,188.13099670410156,133.58399963378906,201.9770050048828,133.4530029296875
22.950000000000003,19.94443455410777,19.782253846737,19.866104766458484,13.844613895789479,81.75433354031978,85.09990585809489,188.4080047607422,133.58399963378906,202.2519989013672,133.4530029296875
23.0,19.951489841233737,19.9499412696016,19.866104766738754,13.843631685207308,82.03132816891758,85.37590683474264,188.68499755859375,133.5850067138672,202.5279998779297,133.4530029296875
23.05,19.9343185288577,19.78225384737536,19.866101162182314,13.8426246508495,82.30833622555842,85.65190781136756,188.96200561523438,133.5850067138672,202.8040008544922,133.4530029296875
23.1,19.896158166631533,19.949941270146,19.866101162461028,13.841632874723176,82.58532902341165,85.92790878801164,189.23899841308594,133.5850067138672,203.0800018310547,133.4530029296875
23.150000000000002,19.842589460639676,19.565785397606874,19.844454317729742,13.838627029756598,82.86132999997754,86.20090378411717,189.51499938964844,133.5850067138672,203.35299682617188,133.4530029296875
23.200000000000003,19.77922918462023,16.490595806500036,19.49851977157215,13.81663068186983,83.13632389646658,86.45391227589835,189.7899932861328,133.5850067138672,203.6060028076172,133.45399475097656
23.25,19.703845747594485,14.333951493329893,18.95368953637818,13.762632389924041,83.41032597166704,86.67391854937819,190.06399536132812,133.5850067138672,203.8260040283203,133.45399475097656
23.3,19.618993467117022,13.8896543335579,18.34766084287182,13.701615321654423,83.6833362255787,86.88590917622051,190.33700561523438,133.5850067138672,204.03799438476562,133.45399475097656
23.35,19.531370595272985,13.293814210049165,17.698813274389444,13.633640367708546,83.95532414062271,87.08992610877692,190.60899353027344,133.5850067138672,204.24200439453125,133.45399475097656
23.400000000000002,19.45224153227286,12.548780232350358,16.958697170725408,13.558641643538062,84.22533023473656,87.28495567458542,190.87899780273438,133.58599853515625,204.43699645996094,133.45399475097656
23.450000000000003,19.397665211217987,11.731158322784392,16.153587618330143,13.47264975701284,84.49533450719906,87.46904780780787,191.1490020751953,133.58599853515625,204.62100219726562,133.45399475097656
23.5,19.364438428574974,10.836051096404567,15.24219860101044,13.377659583645377,84.764331699582,87.64318272451224,191.41799926757812,133.58599853515625,204.7949981689453,133.45399475097656
23.55,19.336430162463966,9.879885284470912,14.251961744719996,13.271673487924765,85.03332889196489,87.80635896555913,191.68699645996094,133.58599853515625,204.95799255371094,133.45399475097656
23.6,19.30147305490329,8.885660922358884,13.145533709941281,13.153699896585815,85.3013342630589,87.95657660264482,191.9550018310547,133.58599853515625,205.10800170898438,133.45399475097656
23.650000000000002,19.244701205151816,7.927124482507763,11.98166761843137,13.02470852821075,85.5693396341527,88.0956820410785,192.22300720214844,133.58599853515625,205.2469940185547,133.45399475097656
23.700000000000003,19.154233943051377,6.936321655745282,11.026240203355893,12.88673916968327,85.83533084509041,88.22371713505025,192.48899841308594,133.58599853515625,205.375,133.45399475097656
23.75,19.029494465817343,5.923820962580218,10.185227150280927,12.734761525968155,86.1003302347407,88.33674113096285,192.75399780273438,133.58599853515625,205.48800659179688,133.45399475097656
23.8,18.878401518022176,4.894474722799369,9.285709189205075,12.570774196934206,86.36333072302688,88.43574843151428,193.01699829101562,133.58599853515625,205.58700561523438,133.45399475097656
23.85,18.70232496005271,3.8907057697189904,8.345398345172057,12.393785705470707,86.62433230994907,88.51975113641467,193.2779998779297,133.58599853515625,205.67100524902344,133.45399475097656
23.900000000000002,18.496188778222425,0.39509958586649674,7.1300302805236715,12.152801778987651,86.88232988097916,88.53716653654604,193.53599548339844,133.58700561523438,205.68800354003906,133.45399475097656
23.950000000000003,18.255457657758615,0.6765867444875114,6.024573122693982,11.899792051643223,87.1373347638077,88.54415241890833,193.79100036621094,133.58700561523438,205.69000244140625,133.45399475097656
24.0,18.003817461671467,0.8090572586118194,5.021873738914708,11.65077944342558,87.38933366519335,88.55321483002601,194.04299926757812,133.58700561523438,205.6929931640625,133.45399475097656
24.05,17.76204445871467,0.8234066850875758,4.116225878976374,11.406791850443406,87.63733481240106,88.56318842188088,194.29100036621094,133.58700561523438,205.69700622558594,133.45399475097656
24.1,17.516593392526584,0.7534702010951666,3.3030068068500027,11.165787635799937,87.88133813104656,88.57222119940731,194.53500366210938,133.58700561523438,205.6999969482422,133.45399475097656
24.150000000000002,17.235866204593655,0.6313320256375806,2.5734275611629847,10.928803224968481,88.1223354498401,88.58037273526558,194.7760009765625,133.58700561523438,205.70399475097656,133.45399475097656
24.200000000000003,16.895521600218423,0.4847997345746075,1.9282753690459173,10.695820614923175,88.35933496189725,88.5869873092448,195.01300048828125,133.58700561523438,205.70799255371094,133.45399475097656
24.25,16.526952546405113,0.33613572467187364,1.3695068452550827,10.466852429638072,88.59132959084715,88.591495394915,195.2449951171875,133.58700561523438,205.71099853515625,133.45399475097656
24.3,16.156225718340657,0.2021972530717607,0.9002790982823221,10.243880499948135,88.81732751600885,88.59490991749944,195.4709930419922,133.58700561523438,205.71400451660156,133.45399475097656
24.35,15.743809174273755,0.09834526042476617,0.5210430473528997,10.024903490600625,89.03833804281956,88.59691878949367,195.69200134277344,133.58799743652344,205.71600341796875,133.45399475097656
24.400000000000002,15.275880776235603,0.06090331292312704,0.48762342005856274,9.810917738898741,89.25333438121206,88.59821716810255,195.90699768066406,133.58799743652344,205.7169952392578,133.45399475097656
24.450000000000003,14.762592564287,0.09211867878867351,0.42917661348867897,9.60393540046351,89.46134219409731,88.60002273512305,196.11500549316406,133.58799743652344,205.71800231933594,133.45399475097656
24.5,14.219172629670338,0.1196586857307743,0.3602367562005745,9.404948674411099,89.66133914258951,88.60210082511422,196.31500244140625,133.58799743652344,205.718994140625,133.45399475097656
24.55,13.64864480468542,0.12969984025047232,0.2908660717168642,9.21197440592864,89.85433230680125,88.6039877652098,196.50799560546875,133.58799743652344,205.718994140625,133.45399475097656
24.6,13.071312332855335,0.124482881526526,0.22796733976000008,9.026996110192862,90.03932986547765,88.60574027541098,196.6929931640625,133.58799743652344,205.718994140625,133.45399475097656
24.650000000000002,12.521880855211387,0.10857651598170787,0.1756917887944128,8.850013695678939,90.21633181865417,88.60723243531775,196.8699951171875,133.58799743652344,205.718994140625,133.45399475097656
24.700000000000003,11.97532815404756,0.0865942863875182,0.13587124397570388,8.6810269914557,90.38533816634303,88.60840064526074,197.03900146484375,133.58799743652344,205.718994140625,133.45399475097656
24.75,11.378772210416383,0.06252801494635497,0.108510473003152,8.519044114753546,90.54734072983467,88.60922973527578,197.2010040283203,133.58799743652344,205.718994140625,133.45399475097656
24.8,10.689876173932666,0.03944773597970634,0.09223552129394655,8.366078821636652,90.69933352768798,88.61034562015354,197.35299682617188,133.58799743652344,205.71800231933594,133.45399475097656
24.85,9.934056226754798,0.019568121986022497,0.08435780745007218,8.224099098385828,90.84133181870993,88.61058491566016,197.4949951171875,133.58799743652344,205.71800231933594,133.45399475097656
24.900000000000002,9.19198807287371,0.005659290370982437,0.07883340519485774,8.092113129682067,90.97333560290879,88.6106094446595,197.6269989013672,133.58799743652344,205.71800231933594,133.45399475097656
24.950000000000003,8.633700600878731,0.009873402232704564,0.07060887753926084,7.969129137883323,91.09633670154689,88.61073815266806,197.75,133.58799743652344,205.71800231933594,133.45399475097656
25.0,8.01525614345517,0.01648467310887215,0.06029147627707062,7.854140112218161,91.21134219471145,88.6109624186656,197.86500549316406,133.58799743652344,205.71800231933594,133.45399475097656
25.05,7.266167923201391,0.019725299923722735,0.04929402224439566,7.7491598446700145,91.31633792225419,88.61123242267146,197.97000122070312,133.58799743652344,205.71800231933594,133.45399475097656
25.1,6.49519201078656,0.0,0.03684573409174306,7.655179931535145,91.41033206289922,88.61123242267146,198.06399536132812,133.58799743652344,205.71800231933594,133.45399475097656
25.150000000000002,5.934168252346696,0.0,0.02598808249357228,7.569194723222024,91.49633059805957,88.61123242267146,198.14999389648438,133.58799743652344,205.71800231933594,133.45399475097656
25.200000000000003,5.349780134164648,0.0,0.017328653854820457,7.49219580871258,91.57334170646259,88.61123242267146,198.2270050048828,133.58799743652344,205.71800231933594,133.45399475097656
25.25,4.6778039382997125,0.0,0.01107585236018496,7.423206704889769,91.64234195060557,88.61123242267146,198.29600524902344,133.58799743652344,205.71800231933594,133.45399475097656
25.3,3.88105223606717,0.0,0.007131078762214327,7.364225915955226,91.70133242912884,88.61123242267146,198.35499572753906,133.58799743652344,205.71800231933594,133.45399475097656
25.35,1.757171030919521,0.0,0.005174266563612077,7.325230942086142,91.74033389532214,88.61123242267146,198.3939971923828,133.58799743652344,205.71800231933594,133.45399475097656
25.400000000000002,4.679273221526657e-05,0.0,0.004608337526513834,7.31923523977103,91.74633065488071,88.61123242267146,198.39999389648438,133.58799743652344,205.71800231933594,133.45399475097656
25.450000000000003,1.0476421915122361e-05,0.0,0.003620997303243377,7.319235239286603,91.74633569496565,88.61123242267146,198.39999389648438,133.58799743652344,205.71800231933594,133.45399475097656
25.5,1.6802729080391257e-05,0.0,0.0019725299923561623,7.319235240151164,91.74634466499903,88.61123242267146,198.39999389648438,133.58799743652344,205.71800231933594,133.45399475097656
25.55,2.270236100030998e-05,0.0,0.0,7.319235241635347,91.74635980504446,88.61123242267146,198.39999389648438,133.58799743652344,205.71800231933594,133.45399475097656
25.6,2.4743054071170884e-05,0.0,0.0,7.320226898399628,91.74735177098697,88.61123242267146,198.3990020751953,133.58799743652344,205.71800231933594,133.45399475097656
25.650000000000002,2.1366362755574553e-05,0.0,0.0,7.320226900064858,91.7473680210525,88.61123242267146,198.3990020751953,133.58799743652344,205.71800231933594,133.45399475097656
25.700000000000003,1.9268379369307042e-05,0.0,0.0,7.3202269015885895,91.7473825910121,88.61123242267146,198.3990020751953,133.58799743652344,205.71800231933594,133.45399475097656
25.75,1.6778541988278115e-05,0.0,0.0,7.320226902916806,91.74739507096743,88.61123242267146,198.3990020751953,133.58799743652344,205.71800231933594,133.45399475097656
25.8,3.313346752434474e-06,0.0,0.0,7.320226903651643,91.74740189104264,88.61123242267146,198.3990020751953,133.58799743652344,205.71800231933594,133.45399475097656
25.85,6.272605335963061e-06,0.0,0.0,7.320226904041006,91.74740548105834,88.61123242267146,198.3990020751953,133.58799743652344,205.71800231933594,133.45399475097656
25.900000000000002,7.454233404473837e-06,0.0,0.0,7.320226904590599,91.74741052102686,88.61123242267146,198.3990020751953,133.58799743652344,205.71800231933594,133.45399475097656
25.950000000000003,8.559736916856937e-06,0.0,0.0,7.320226905176692,91.74741586099768,88.61123242267146,198.3990020751953,133.58799743652344,205.71800231933594,133.45399475097656
26.0,7.973494651527553e-06,0.0,0.0,7.3202269057323335,91.7474208910709,88.61123242267146,198.3990020751953,133.58799743652344,205.71800231933594,133.45399475097656
26.05,7.3155599388278545e-06,0.0,0.0,7.320226906224547,91.74742532102314,88.61123242267146,198.3990020751953,133.58799743652344,205.71800231933594,133.45399475097656
26.1,6.35088308463306e-06,0.0,0.0,7.320226906641061,91.74742905097006,88.61123242267146,198.3990020751953,133.58799743652344,205.71800231933594,133.45399475097656
26.150000000000002,6.490208034436294e-06,0.0,0.0,7.320226906992054,91.74743218102881,88.61123242267146,198.3990020751953,133.58799743652344,205.71800231933594,133.45399475097656
26.200000000000003,3.933515307512069e-06,0.0,0.0,7.320226907275614,91.74743470107128,88.61123242267146,198.3990020751953,133.58799743652344,205.71800231933594,133.45399475097656
26.25,2.976882251666737e-06,0.0,0.0,7.320226907275614,91.74743470107128,88.61123242267146,198.3990020751953,133.58799743652344,205.71800231933594,133.45399475097656
26.3,2.6391912699152725e-06,0.0,0.0,7.320226907439159,91.74743615102412,88.61123242267146,198.3990020751953,133.58799743652344,205.71800231933594,133.45399475097656
26.35,2.581764844456978e-06,0.0,0.0,7.320226907564556,91.74743726104421,88.61123242267146,198.3990020751953,133.58799743652344,205.71800231933594,133.45399475097656
26.400000000000002,2.5368535937179616e-06,0.0,0.0,7.320226907688988,91.74743836105259,88.61123242267146,198.3990020751953,133.58799743652344,205.71800231933594,133.45399475097656
26.450000000000003,4.275571868040198e-06,0.0,0.0,7.320226907688988,91.74743836105259,88.61123242267146,198.3990020751953,133.58799743652344,205.71800231933594,133.45399475097656
26.5,2.5072305247667733e-06,0.0,0.0,7.32022690789296,91.7474401610663,88.61123242267146,198.3990020751953,133.58799743652344,205.71800231933594,133.45399475097656
26.55,2.4950608542550684e-06,0.0,0.0,7.320226907970128,91.74744084104819,88.61123242267146,198.3990020751953,133.58799743652344,205.71800231933594,133.45399475097656
26.6,3.844090440542237e-06,0.0,0.0,7.320226907970128,91.74744084104819,88.61123242267146,198.3990020751953,133.58799743652344,205.71800231933594,133.45399475097656
26.650000000000002,2.46576269507109e-07,0.0,0.0,7.320226907970128,91.74744084104819,88.61123242267146,198.3990020751953,133.58799743652344,205.71800231933594,133.45399475097656
26.700000000000003,4.42045935389724e-07,0.0,0.0,7.320226907970128,91.74744084104819,88.61123242267146,198.3990020751953,133.58799743652344,205.71800231933594,133.45399475097656
26.75,6.390370253243849e-07,0.0,0.0,7.320226908108731,91.74744206096435,88.61123242267146,198.3990020751953,133.58799743652344,205.71800231933594,133.45399475097656
26.8,8.451366155002258e-07,0.0,0.0,7.320226908108731,91.74744206096435,88.61123242267146,198.3990020751953,133.58799743652344,205.71800231933594,133.45399475097656
26.85,1.7731954053421462e-06,0.0,0.0,7.320226908108731,91.74744206096435,88.61123242267146,198.3990020751953,133.58799743652344,205.71800231933594,133.45399475097656
26.900000000000002,2.074592638729166e-06,0.0,0.0,7.320226908108731,91.74744206096435,88.61123242267146,198.3990020751953,133.58799743652344,205.71800231933594,133.45399475097656
26.950000000000003,1.081382183868201e-06,0.0,0.0,7.320226908108731,91.74744206096435,88.61123242267146,198.3990020751953,133.58799743652344,205.71800231933594,133.45399475097656
27.0,3.231039033958146e-06,0.0,0.0,7.320226908108731,91.74744206096435,88.61123242267146,198.3990020751953,133.58799743652344,205.71800231933594,133.45399475097656
27.05,0.0,0.0,0.0,7.320226908108731,91.74744206096435,88.61123242267146,198.3990020751953,133.58799743652344,205.71800231933594,133.45399475097656
27.1,8.626503535237157e-07,0.0,0.0,7.320226908225919,91.74744309100711,88.61123242267146,198.3990020751953,133.58799743652344,205.71800231933594,133.45399475097656
27.150000000000002,1.9241216121605165e-06,0.0,0.0,7.320226908225919,91.74744309100711,88.61123242267146,198.3990020751953,133.58799743652344,205.71800231933594,133.45399475097656
27.200000000000003,1.6490065080129968e-06,0.0,0.0,7.320226908225919,91.74744309100711,88.61123242267146,198.3990020751953,133.58799743652344,205.71800231933594,133.45399475097656
27.25,2.0611625883772673e-06,0.0,0.0,7.320226908225919,91.74744309100711,88.61123242267146,198.3990020751953,133.58799743652344,205.71800231933594,133.45399475097656
27.3,4.222961642389625e-06,0.0,0.0,7.320226908225919,91.74744309100711,88.61123242267146,198.3990020751953,133.58799743652344,205.71800231933594,133.45399475097656
27.35,1.957702716162014e-06,0.0,0.0,7.320226908225919,91.74744309100711,88.61123242267146,198.3990020751953,133.58799743652344,205.71800231933594,133.45399475097656
27.400000000000002,2.918504434169361e-06,0.0,0.0,7.320226908225919,91.74744309100711,88.61123242267146,198.3990020751953,133.58799743652344,205.71800231933594,133.45399475097656
27.450000000000003,4.600805812426821e-06,0.0,0.0,7.320226908225919,91.74744309100711,88.61123242267146,198.3990020751953,133.58799743652344,205.71800231933594,133.45399475097656
27.5,1.7180903342608832e-07,0.0,0.0,7.320226908225919,91.74744309100711,88.61123242267146,198.3990020751953,133.58799743652344,205.71800231933594,133.45399475097656
27.55,4.811307904653622e-07,0.0,0.0,7.320226908225919,91.74744309100711,88.61123242267146,198.3990020751953,133.58799743652344,205.71800231933594,133.45399475097656
27.6,7.234579643282986e-07,0.0,0.0,7.320226908225919,91.74744309100711,88.61123242267146,198.3990020751953,133.58799743652344,205.71800231933594,133.45399475097656
27.650000000000002,1.6479431056505204e-06,0.0,0.0,7.320226908225919,91.74744309100711,88.61123242267146,198.3990020751953,133.58799743652344,205.71800231933594,133.45399475097656
27.700000000000003,1.3734251492740072e-06,0.0,0.0,7.320226908225919,91.74744309100711,88.61123242267146,198.3990020751953,133.58799743652344,205.71800231933594,133.45399475097656
27.75,2.3025015668425254e-06,0.0,0.0,7.320226908225919,91.74744309100711,88.61123242267146,198.3990020751953,133.58799743652344,205.71800231933594,133.45399475097656
27.8,4.050890487307592e-06,0.0,0.0,7.320226908225919,91.74744309100711,88.61123242267146,198.3990020751953,133.58799743652344,205.71800231933594,133.45399475097656
27.85,4.462774098798078e-06,0.0,0.0,7.320226908225919,91.74744309100711,88.61123242267146,198.3990020751953,133.58799743652344,205.71800231933594,133.45399475097656
27.900000000000002,6.865877074325334e-08,0.0,0.0,7.320226908225919,91.74744309100711,88.61123242267146,198.3990020751953,133.58799743652344,205.71800231933594,133.45399475097656
27.950000000000003,4.4629012670135936e-07,0.0,0.0,7.320226908225919,91.74744309100711,88.61123242267146,198.3990020751953,133.58799743652344,205.71800231933594,133.45399475097656
28.0,2.4664949171548943e-07,0.0,0.0,7.320226908225919,91.74744309100711,88.61123242267146,198.3990020751953,133.58799743652344,205.71800231933594,133.45399475097656
28.05,1.373170227993382e-06,0.0,0.0,7.320226908225919,91.74744309100711,88.61123242267146,198.3990020751953,133.58799743652344,205.71800231933594,133.45399475097656
28.1,4.808377073185171e-07,0.0,0.0,7.320226908225919,91.74744309100711,88.61123242267146,198.3990020751953,133.58799743652344,205.71800231933594,133.45399475097656
28.150000000000002,8.24168939231289e-07,0.0,0.0,7.320226908225919,91.74744309100711,88.61123242267146,198.3990020751953,133.58799743652344,205.71800231933594,133.45399475097656
28.200000000000003,1.167498227295392e-06,0.0,0.0,7.320226908225919,91.74744309100711,88.61123242267146,198.3990020751953,133.58799743652344,205.71800231933594,133.45399475097656
28.25,1.510815043199433e-06,0.0,0.0,7.320226908225919,91.74744309100711,88.61123242267146,198.3990020751953,133.58799743652344,205.71800231933594,133.45399475097656
28.3,1.8883167501497626e-06,0.0,0.0,7.320226908225919,91.74744309100711,88.61123242267146,198.3990020751953,133.58799743652344,205.71800231933594,133.45399475097656
28.35,3.0896796631628303e-07,0.0,0.0,7.320226908225919,91.74744309100711,88.61123242267146,198.3990020751953,133.58799743652344,205.71800231933594,133.45399475097656
28.400000000000002,6.86599355359045e-07,0.0,0.0,7.320226908225919,91.74744309100711,88.61123242267146,198.3990020751953,133.58799743652344,205.71800231933594,133.45399475097656
28.450000000000003,3.4333110806747717e-07,0.0,0.0,7.320226908225919,91.74744309100711,88.61123242267146,198.3990020751953,133.58799743652344,205.71800231933594,133.45399475097656
28.5,1.3392134596010042e-06,0.0,0.0,7.320226908225919,91.74744309100711,88.61123242267146,198.3990020751953,133.58799743652344,205.71800231933594,133.45399475097656
28.55,1.029986033915278e-06,0.0,0.0,7.320226908225919,91.74744309100711,88.61123242267146,198.3990020751953,133.58799743652344,205.71800231933594,133.45399475097656
28.6,2.025511138952739e-06,0.0,0.0,7.320226908225919,91.74744309100711,88.61123242267146,198.3990020751953,133.58799743652344,205.71800231933594,133.45399475097656
28.650000000000002,1.7508955721948225e-06,0.0,0.0,7.320226908225919,91.74744309100711,88.61123242267146,198.3990020751953,133.58799743652344,205.71800231933594,133.45399475097656
28.700000000000003,2.7119951518969057e-06,0.0,0.0,7.320226908225919,91.74744309100711,88.61123242267146,198.3990020751953,133.58799743652344,205.71800231933594,133.45399475097656
28.75,1.3732489718033518e-07,0.0,0.0,7.320226908225919,91.74744309100711,88.61123242267146,198.3990020751953,133.58799743652344,205.71800231933594,133.45399475097656
28.8,4.806931139919494e-07,0.0,0.0,7.320226908225919,91.74744309100711,88.61123242267146,198.3990020751953,133.58799743652344,205.71800231933594,133.45399475097656
28.85,8.240039971146767e-07,0.0,0.0,7.320226908225919,91.74744309100711,88.61123242267146,198.3990020751953,133.58799743652344,205.71800231933594,133.45399475097656
28.900000000000002,5.493861088375754e-07,0.0,0.0,7.320226908225919,91.74744309100711,88.61123242267146,198.3990020751953,133.58799743652344,205.71800231933594,133.45399475097656
28.950000000000003,1.5792172105292199e-06,0.0,0.0,7.320226908225919,91.74744309100711,88.61123242267146,198.3990020751953,133.58799743652344,205.71800231933594,133.45399475097656
29.0,1.2702718601757959e-06,0.0,0.0,7.320226908225919,91.74744309100711,88.61123242267146,198.3990020751953,133.58799743652344,205.71800231933594,133.45399475097656
29.05,2.2657640147196304e-06,0.0,0.0,7.320226908225919,91.74744309100711,88.61123242267146,198.3990020751953,133.58799743652344,205.71800231933594,133.45399475097656
29.1,1.922566269303855e-06,0.0,0.0,7.320226908225919,91.74744309100711,88.61123242267146,198.3990020751953,133.58799743652344,205.71800231933594,133.45399475097656
29.150000000000002,0.0,0.0,0.0,7.320226908225919,91.74744309100711,88.61123242267146,198.3990020751953,133.58799743652344,205.71800231933594,133.45399475097656
29.200000000000003,3.4331107615715135e-07,0.0,0.0,7.320226908225919,91.74744309100711,88.61123242267146,198.3990020751953,133.58799743652344,205.71800231933594,133.45399475097656
29.25,6.532944758925033e-07,0.0,0.0,7.320226908225919,91.74744309100711,88.61123242267146,198.3990020751953,133.58799743652344,205.71800231933594,133.45399475097656
29.3,3.434944493835329e-07,0.0,0.0,7.320226908225919,91.74744309100711,88.61123242267146,198.3990020751953,133.58799743652344,205.71800231933594,133.45399475097656
29.35,7.553432640696549e-07,0.0,0.0,7.320226908225919,91.74744309100711,88.61123242267146,198.3990020751953,133.58799743652344,205.71800231933594,133.45399475097656
29.400000000000002,1.7851847449784476e-06,0.0,0.0,7.320226908225919,91.74744309100711,88.61123242267146,198.3990020751953,133.58799743652344,205.71800231933594,133.45399475097656
29.450000000000003,1.4762353636283936e-06,0.0,0.0,7.320226908225919,91.74744309100711,88.61123242267146,198.3990020751953,133.58799743652344,205.71800231933594,133.45399475097656
29.5,2.437384399592466e-06,0.0,0.0,7.320226908225919,91.74744309100711,88.61123242267146,198.3990020751953,133.58799743652344,205.71800231933594,133.45399475097656
29.55,2.7806522129911236e-06,0.0,0.0,7.320226908225919,91.74744309100711,88.61123242267146,198.3990020751953,133.58799743652344,205.71800231933594,133.45399475097656
29.6,2.0597663247218927e-07,0.0,0.0,7.320226908225919,91.74744309100711,88.61123242267146,198.3990020751953,133.58799743652344,205.71800231933594,133.45399475097656
29.650000000000002,5.492939486564726e-07,0.0,0.0,7.320226908225919,91.74744309100711,88.61123242267146,198.3990020751953,133.58799743652344,205.71800231933594,133.45399475097656
29.700000000000003,8.92561188433817e-07,0.0,0.0,7.320226908225919,91.74744309100711,88.61123242267146,198.3990020751953,133.58799743652344,205.71800231933594,133.45399475097656
29.75,1.2358464608607043e-06,0.0,0.0,7.320226908225919,91.74744309100711,88.61123242267146,198.3990020751953,133.58799743652344,205.71800231933594,133.45399475097656
29.8,1.5791354000455722e-06,0.0,0.0,7.320226908225919,91.74744309100711,88.61123242267146,198.3990020751953,133.58799743652344,205.71800231933594,133.45399475097656
29.85,1.922418074854366e-06,0.0,0.0,7.320226908225919,91.74744309100711,88.61123242267146,198.3990020751953,133.58799743652344,205.71800231933594,133.45399475097656
29.900000000000002,2.265705937135383e-06,0.0,0.0,7.320226908225919,91.74744309100711,88.61123242267146,198.3990020751953,133.58799743652344,205.71800231933594,133.45399475097656
29.950000000000003,2.608994270768971e-06,0.0,0.0,7.320226908225919,91.74744309100711,88.61123242267146,198.3990020751953,133.58799743652344,205.71800231933594,133.45399475097656
30.0,6.865780046671773e-08,0.0,0.0,7.320226908225919,91.74744309100711,88.61123242267146,198.3990020751953,133.58799743652344,205.71800231933594,133.45399475097656
30.05,4.119444959142388e-07,0.0,0.0,7.320226908225919,91.74744309100711,88.61123242267146,198.3990020751953,133.58799743652344,205.71800231933594,133.45399475097656
30.1,7.552332907759686e-07,0.0,0.0,7.320226908225919,91.74744309100711,88.61123242267146,198.3990020751953,133.58799743652344,205.71800231933594,133.45399475097656
30.150000000000002,1.0985228216463065e-06,0.0,0.0,7.320226908225919,91.74744309100711,88.61123242267146,198.3990020751953,133.58799743652344,205.71800231933594,133.45399475097656
30.200000000000003,1.4418117663409213e-06,0.0,0.0,7.320226908225919,91.74744309100711,88.61123242267146,198.3990020751953,133.58799743652344,205.71800231933594,133.45399475097656
30.25,1.7851003971747617e-06,0.0,0.0,7.320226908225919,91.74744309100711,88.61123242267146,198.3990020751953,133.58799743652344,205.71800231933594,133.45399475097656
30.3,2.1283901795184124e-06,0.0,0.0,7.320226908225919,91.74744309100711,88.61123242267146,198.3990020751953,133.58799743652344,205.71800231933594,133.45399475097656
30.35,2.471678065193035e-06,0.0,0.0,7.320226908225919,91.74744309100711,88.61123242267146,198.3990020751953,133.58799743652344,205.71800231933594,133.45399475097656
30.400000000000002,2.8149676274894264e-06,0.0,0.0,7.320226908225919,91.74744309100711,88.61123242267146,198.3990020751953,133.58799743652344,205.71800231933594,133.45399475097656
30.450000000000003,2.746306928938745e-07,0.0,0.0,7.320226908225919,91.74744309100711,88.61123242267146,198.3990020751953,133.58799743652344,205.71800231933594,133.45399475097656
30.5,6.179184223967033e-07,0.0,0.0,7.320226908225919,91.74744309100711,88.61123242267146,198.3990020751953,133.58799743652344,205.71800231933594,133.45399475097656
30.55,9.612078297304932e-07,0.0,0.0,7.320226908225919,91.74744309100711,88.61123242267146,198.3990020751953,133.58799743652344,205.71800231933594,133.45399475097656
30.6,1.3044965189991222e-06,0.0,0.0,7.320226908225919,91.74744309100711,88.61123242267146,198.3990020751953,133.58799743652344,205.71800231933594,133.45399475097656
30.650000000000002,1.6477854768528512e-06,0.0,0.0,7.320226908225919,91.74744309100711,88.61123242267146,198.3990020751953,133.58799743652344,205.71800231933594,133.45399475097656
30.700000000000003,1.9910741808100665e-06,0.0,0.0,7.320226908225919,91.74744309100711,88.61123242267146,198.3990020751953,133.58799743652344,205.71800231933594,133.45399475097656
30.75,2.3343639565161062e-06,0.0,0.0,7.320226908225919,91.74744309100711,88.61123242267146,198.3990020751953,133.58799743652344,205.71800231933594,133.45399475097656
30.8,2.677652602529219e-06,0.0,0.0,7.320226908225919,91.74744309100711,88.61123242267146,198.3990020751953,133.58799743652344,205.71800231933594,133.45399475097656
30.85,1.3731942598571643e-07,0.0,0.0,7.320226908225919,91.74744309100711,88.61123242267146,198.3990020751953,133.58799743652344,205.71800231933594,133.45399475097656
30.900000000000002,4.80615470622163e-07,0.0,0.0,7.320226908225919,91.74744309100711,88.61123242267146,198.3990020751953,133.58799743652344,205.71800231933594,133.45399475097656
30.950000000000003,8.238958133925297e-07,0.0,0.0,7.320226908225919,91.74744309100711,88.61123242267146,198.3990020751953,133.58799743652344,205.71800231933594,133.45399475097656
31.0,1.1671854659310371e-06,0.0,0.0,7.320226908225919,91.74744309100711,88.61123242267146,198.3990020751953,133.58799743652344,205.71800231933594,133.45399475097656
31.05,1.510471224173938e-06,0.0,0.0,7.320226908225919,91.74744309100711,88.61123242267146,198.3990020751953,133.58799743652344,205.71800231933594,133.45399475097656
31.1,1.8537598352437933e-06,0.0,0.0,7.320226908225919,91.74744309100711,88.61123242267146,198.3990020751953,133.58799743652344,205.71800231933594,133.45399475097656
31.150000000000002,2.19704411962865e-06,0.0,0.0,7.320226908225919,91.74744309100711,88.61123242267146,198.3990020751953,133.58799743652344,205.71800231933594,133.45399475097656
31.200000000000003,2.5403329124146485e-06,0.0,0.0,7.320226908225919,91.74744309100711,88.61123242267146,198.3990020751953,133.58799743652344,205.71800231933594,133.45399475097656
31.25,0.0,0.0,0.0,7.320226908225919,91.74744309100711,88.61123242267146,198.3990020751953,133.58799743652344,205.71800231933594,133.45399475097656
31.3,3.432886616030861e-07,0.0,0.0,7.320226908225919,91.74744309100711,88.61123242267146,198.3990020751953,133.58799743652344,205.71800231933594,133.45399475097656
31.35,6.86577632691955e-07,0.0,0.0,7.320226908225919,91.74744309100711,88.61123242267146,198.3990020751953,133.58799743652344,205.71800231933594,133.45399475097656
31.400000000000002,1.0298667744378811e-06,0.0,0.0,7.320226908225919,91.74744309100711,88.61123242267146,198.3990020751953,133.58799743652344,205.71800231933594,133.45399475097656
31.450000000000003,1.3731555835851026e-06,0.0,0.0,7.320226908225919,91.74744309100711,88.61123242267146,198.3990020751953,133.58799743652344,205.71800231933594,133.45399475097656
31.5,1.716440984362682e-06,0.0,0.0,7.320226908225919,91.74744309100711,88.61123242267146,198.3990020751953,133.58799743652344,205.71800231933594,133.45399475097656
31.55,2.059729561951684e-06,0.0,0.0,7.320226908225919,91.74744309100711,88.61123242267146,198.3990020751953,133.58799743652344,205.71800231933594,133.45399475097656
31.6,2.4030190275584634e-06,0.0,0.0,7.320226908225919,91.74744309100711,88.61123242267146,198.3990020751953,133.58799743652344,205.71800231933594,133.45399475097656
31.650000000000002,2.7463087849440982e-06,0.0,0.0,7.320226908225919,91.74744309100711,88.61123242267146,198.3990020751953,133.58799743652344,205.71800231933594,133.45399475097656
31.700000000000003,2.059843567220945e-07,0.0,0.0,7.320226908225919,91.74744309100711,88.61123242267146,198.3990020751953,133.58799743652344,205.71800231933594,133.45399475097656
31.75,5.492698243997196e-07,0.0,0.0,7.320226908225919,91.74744309100711,88.61123242267146,198.3990020751953,133.58799743652344,205.71800231933594,133.45399475097656
31.8,8.92555464883043e-07,0.0,0.0,7.320226908225919,91.74744309100711,88.61123242267146,198.3990020751953,133.58799743652344,205.71800231933594,133.45399475097656
31.85,1.2358394896852123e-06,0.0,0.0,7.320226908225919,91.74744309100711,88.61123242267146,198.3990020751953,133.58799743652344,205.71800231933594,133.45399475097656
31.900000000000002,1.5791262820356172e-06,0.0,0.0,7.320226908225919,91.74744309100711,88.61123242267146,198.3990020751953,133.58799743652344,205.71800231933594,133.45399475097656
31.950000000000003,1.9224149762559803e-06,0.0,0.0,7.320226908225919,91.74744309100711,88.61123242267146,198.3990020751953,133.58799743652344,205.71800231933594,133.45399475097656
32.0,2.2657040930659213e-06,0.0,0.0,7.320226908225919,91.74744309100711,88.61123242267146,198.3990020751953,133.58799743652344,205.71800231933594,133.45399475097656
32.050000000000004,2.608992012812127e-06,0.0,0.0,7.320226908225919,91.74744309100711,88.61123242267146,198.3990020751953,133.58799743652344,205.71800231933594,133.45399475097656
32.1,6.86578004671142e-08,0.0,0.0,7.320226908225919,91.74744309100711,88.61123242267146,198.3990020751953,133.58799743652344,205.71800231933594,133.45399475097656
32.15,4.1194457701955344e-07,0.0,0.0,7.320226908225919,91.74744309100711,88.61123242267146,198.3990020751953,133.58799743652344,205.71800231933594,133.45399475097656
32.2,7.552332907778131e-07,0.0,0.0,7.320226908225919,91.74744309100711,88.61123242267146,198.3990020751953,133.58799743652344,205.71800231933594,133.45399475097656
32.25,1.0985229479773368e-06,0.0,0.0,7.320226908225919,91.74744309100711,88.61123242267146,198.3990020751953,133.58799743652344,205.71800231933594,133.45399475097656
32.300000000000004,1.4418110669167861e-06,0.0,0.0,7.320226908225919,91.74744309100711,88.61123242267146,198.3990020751953,133.58799743652344,205.71800231933594,133.45399475097656
32.35,1.7851004665045685e-06,0.0,0.0,7.320226908225919,91.74744309100711,88.61123242267146,198.3990020751953,133.58799743652344,205.71800231933594,133.45399475097656
32.4,2.1283892001756014e-06,0.0,0.0,7.320226908225919,91.74744309100711,88.61123242267146,198.3990020751953,133.58799743652344,205.71800231933594,133.45399475097656
32.45,2.471678544990993e-06,0.0,0.0,7.320226908225919,91.74744309100711,88.61123242267146,198.3990020751953,133.58799743652344,205.71800231933594,133.45399475097656
32.5,2.81496602568779e-06,0.0,0.0,7.320226908225919,91.74744309100711,88.61123242267146,198.3990020751953,133.58799743652344,205.71800231933594,133.45399475097656
32.550000000000004,2.7464090585020374e-07,0.0,0.0,7.320226908225919,91.74744309100711,88.61123242267146,198.3990020751953,133.58799743652344,205.71800231933594,133.45399475097656
32.6,6.17922327319936e-07,0.0,0.0,7.320226908225919,91.74744309100711,88.61123242267146,198.3990020751953,133.58799743652344,205.71800231933594,133.45399475097656
32.65,9.612117575014888e-07,0.0,0.0,7.320226908225919,91.74744309100711,88.61123242267146,198.3990020751953,133.58799743652344,205.71800231933594,133.45399475097656
32.7,1.304501068208947e-06,0.0,0.0,7.320226908225919,91.74744309100711,88.61123242267146,198.3990020751953,133.58799743652344,205.71800231933594,133.45399475097656
32.75,1.6477857395006905e-06,0.0,0.0,7.320226908225919,91.74744309100711,88.61123242267146,198.3990020751953,133.58799743652344,205.71800231933594,133.45399475097656
32.800000000000004,1.991074269264639e-06,0.0,0.0,7.320226908225919,91.74744309100711,88.61123242267146,198.3990020751953,133.58799743652344,205.71800231933594,133.45399475097656
32.85,2.334362560008818e-06,0.0,0.0,7.320226908225919,91.74744309100711,88.61123242267146,198.3990020751953,133.58799743652344,205.71800231933594,133.45399475097656
32.9,2.6776514264462864e-06,0.0,0.0,7.320226908225919,91.74744309100711,88.61123242267146,198.3990020751953,133.58799743652344,205.71800231933594,133.45399475097656
32.95,1.3731564056948156e-07,0.0,0.0,7.320226908225919,91.74744309100711,88.61123242267146,198.3990020751953,133.58799743652344,205.71800231933594,133.45399475097656
33.0,4.806036513154226e-07,0.0,0.0,7.320226908225919,91.74744309100711,88.61123242267146,198.3990020751953,133.58799743652344,205.71800231933594,133.45399475097656
33.050000000000004,8.238926835829257e-07,0.0,0.0,7.320226908225919,91.74744309100711,88.61123242267146,198.3990020751953,133.58799743652344,205.71800231933594,133.45399475097656
33.1,1.1671825255809033e-06,0.0,0.0,7.320226908225919,91.74744309100711,88.61123242267146,198.3990020751953,133.58799743652344,205.71800231933594,133.45399475097656
33.15,1.5104704129756102e-06,0.0,0.0,7.320226908225919,91.74744309100711,88.61123242267146,198.3990020751953,133.58799743652344,205.71800231933594,133.45399475097656
33.2,1.8537601155492039e-06,0.0,0.0,7.320226908225919,91.74744309100711,88.61123242267146,198.3990020751953,133.58799743652344,205.71800231933594,133.45399475097656
33.25,2.197044516262729e-06,0.0,0.0,7.320226908225919,91.74744309100711,88.61123242267146,198.3990020751953,133.58799743652344,205.71800231933594,133.45399475097656
33.300000000000004,2.5403340738989153e-06,0.0,0.0,7.320226908225919,91.74744309100711,88.61123242267146,198.3990020751953,133.58799743652344,205.71800231933594,133.45399475097656
33.35,0.0,0.0,0.0,7.320226908225919,91.74744309100711,88.61123242267146,198.3990020751953,133.58799743652344,205.71800231933594,133.45399475097656
33.4,3.4330590596461186e-07,0.0,0.0,7.320226908225919,91.74744309100711,88.61123242267146,198.3990020751953,133.58799743652344,205.71800231933594,133.45399475097656
33.45,6.865795193959102e-07,0.0,0.0,7.320226908225919,91.74744309100711,88.61123242267146,198.3990020751953,133.58799743652344,205.71800231933594,133.45399475097656
33.5,1.0298691349147866e-06,0.0,0.0,7.320226908225919,91.74744309100711,88.61123242267146,198.3990020751953,133.58799743652344,205.71800231933594,133.45399475097656
33.550000000000004,1.3731587442274738e-06,0.0,0.0,7.320226908225919,91.74744309100711,88.61123242267146,198.3990020751953,133.58799743652344,205.71800231933594,133.45399475097656
33.6,1.7164416584701377e-06,0.0,0.0,7.320226908225919,91.74744309100711,88.61123242267146,198.3990020751953,133.58799743652344,205.71800231933594,133.45399475097656
33.65,2.059729360943818e-06,0.0,0.0,7.320226908225919,91.74744309100711,88.61123242267146,198.3990020751953,133.58799743652344,205.71800231933594,133.45399475097656
33.7,2.4030185828610467e-06,0.0,0.0,7.320226908225919,91.74744309100711,88.61123242267146,198.3990020751953,133.58799743652344,205.71800231933594,133.45399475097656
33.75,2.746306940235586e-06,0.0,0.0,7.320226908225919,91.74744309100711,88.61123242267146,198.3990020751953,133.58799743652344,205.71800231933594,133.45399475097656
33.800000000000004,2.0597301846561647e-07,0.0,0.0,7.320226908225919,91.74744309100711,88.61123242267146,198.3990020751953,133.58799743652344,205.71800231933594,133.45399475097656
33.85,5.492629248489524e-07,0.0,0.0,7.320226908225919,91.74744309100711,88.61123242267146,198.3990020751953,133.58799743652344,205.71800231933594,133.45399475097656
33.9,8.925519766768372e-07,0.0,0.0,7.320226908225919,91.74744309100711,88.61123242267146,198.3990020751953,133.58799743652344,205.71800231933594,133.45399475097656
33.95,1.2358370387308492e-06,0.0,0.0,7.320226908225919,91.74744309100711,88.61123242267146,198.3990020751953,133.58799743652344,205.71800231933594,133.45399475097656
34.0,1.579126670887417e-06,0.0,0.0,7.320226908225919,91.74744309100711,88.61123242267146,198.3990020751953,133.58799743652344,205.71800231933594,133.45399475097656
34.050000000000004,1.92241544030769e-06,0.0,0.0,7.320226908225919,91.74744309100711,88.61123242267146,198.3990020751953,133.58799743652344,205.71800231933594,133.45399475097656
34.1,2.2657042994456886e-06,0.0,0.0,7.320226908225919,91.74744309100711,88.61123242267146,198.3990020751953,133.58799743652344,205.71800231933594,133.45399475097656
34.15,2.608992965870844e-06,0.0,0.0,7.320226908225919,91.74744309100711,88.61123242267146,198.3990020751953,133.58799743652344,205.71800231933594,133.45399475097656
34.2,6.865782819313248e-08,0.0,0.0,7.320226908225919,91.74744309100711,88.61123242267146,198.3990020751953,133.58799743652344,205.71800231933594,133.45399475097656
34.25,4.1195080487538154e-07,0.0,0.0,7.320226908225919,91.74744309100711,88.61123242267146,198.3990020751953,133.58799743652344,205.71800231933594,133.45399475097656
34.300000000000004,7.552389770721322e-07,0.0,0.0,7.320226908225919,91.74744309100711,88.61123242267146,198.3990020751953,133.58799743652344,205.71800231933594,133.45399475097656
34.35,1.0985236796207997e-06,0.0,0.0,7.320226908225919,91.74744309100711,88.61123242267146,198.3990020751953,133.58799743652344,205.71800231933594,133.45399475097656
34.4,1.4418129884763745e-06,0.0,0.0,7.320226908225919,91.74744309100711,88.61123242267146,198.3990020751953,133.58799743652344,205.71800231933594,133.45399475097656
34.45,1.7851003268174361e-06,0.0,0.0,7.320226908225919,91.74744309100711,88.61123242267146,198.3990020751953,133.58799743652344,205.71800231933594,133.45399475097656
34.5,2.1283885378153226e-06,0.0,0.0,7.320226908225919,91.74744309100711,88.61123242267146,198.3990020751953,133.58799743652344,205.71800231933594,133.45399475097656
34.550000000000004,2.4716771758635538e-06,0.0,0.0,7.320226908225919,91.74744309100711,88.61123242267146,198.3990020751953,133.58799743652344,205.71800231933594,133.45399475097656
34.6,2.8149662647158997e-06,0.0,0.0,7.320226908225919,91.74744309100711,88.61123242267146,198.3990020751953,133.58799743652344,205.71800231933594,133.45399475097656
34.65,2.746306928938745e-07,0.0,0.0,7.320226908225919,91.74744309100711,88.61123242267146,198.3990020751953,133.58799743652344,205.71800231933594,133.45399475097656
34.7,6.179184223967033e-07,0.0,0.0,7.320226908225919,91.74744309100711,88.61123242267146,198.3990020751953,133.58799743652344,205.71800231933594,133.45399475097656
34.75,9.612078297304932e-07,0.0,0.0,7.320226908225919,91.74744309100711,88.61123242267146,198.3990020751953,133.58799743652344,205.71800231933594,133.45399475097656
34.800000000000004,1.3044965189991222e-06,0.0,0.0,7.320226908225919,91.74744309100711,88.61123242267146,198.3990020751953,133.58799743652344,205.71800231933594,133.45399475097656
34.85,1.6477854768528512e-06,0.0,0.0,7.320226908225919,91.74744309100711,88.61123242267146,198.3990020751953,133.58799743652344,205.71800231933594,133.45399475097656
34.9,1.9910741808100665e-06,0.0,0.0,7.320226908225919,91.74744309100711,88.61123242267146,198.3990020751953,133.58799743652344,205.71800231933594,133.45399475097656
34.95,2.3343639565161062e-06,0.0,0.0,7.320226908225919,91.74744309100711,88.61123242267146,198.3990020751953,133.58799743652344,205.71800231933594,133.45399475097656
35.0,2.677651379061153e-06,0.0,0.0,7.320226908225919,91.74744309100711,88.61123242267146,198.3990020751953,133.58799743652344,205.71800231933594,133.45399475097656
35.050000000000004,1.3731569491194316e-07,0.0,0.0,7.320226908225919,91.74744309100711,88.61123242267146,198.3990020751953,133.58799743652344,205.71800231933594,133.45399475097656
35.1,4.806069966703156e-07,0.0,0.0,7.320226908225919,91.74744309100711,88.61123242267146,198.3990020751953,133.58799743652344,205.71800231933594,133.45399475097656
35.15,8.23896362488411e-07,0.0,0.0,7.320226908225919,91.74744309100711,88.61123242267146,198.3990020751953,133.58799743652344,205.71800231933594,133.45399475097656
35.2,1.1671821688916112e-06,0.0,0.0,7.320226908225919,91.74744309100711,88.61123242267146,198.3990020751953,133.58799743652344,205.71800231933594,133.45399475097656
35.25,1.510470078785101e-06,0.0,0.0,7.320226908225919,91.74744309100711,88.61123242267146,198.3990020751953,133.58799743652344,205.71800231933594,133.45399475097656
35.300000000000004,1.8537591707810968e-06,0.0,0.0,7.320226908225919,91.74744309100711,88.61123242267146,198.3990020751953,133.58799743652344,205.71800231933594,133.45399475097656
35.35,2.197044212032075e-06,0.0,0.0,7.320226908225919,91.74744309100711,88.61123242267146,198.3990020751953,133.58799743652344,205.71800231933594,133.45399475097656
35.4,2.5403329792231783e-06,0.0,0.0,7.320226908225919,91.74744309100711,88.61123242267146,198.3990020751953,133.58799743652344,205.71800231933594,133.45399475097656
35.45,0.0,0.0,0.0,7.320226908225919,91.74744309100711,88.61123242267146,198.3990020751953,133.58799743652344,205.71800231933594,133.45399475097656
35.5,3.4329102474613884e-07,0.0,0.0,7.320226908225919,91.74744309100711,88.61123242267146,198.3990020751953,133.58799743652344,205.71800231933594,133.45399475097656
35.550000000000004,6.865777704842962e-07,0.0,0.0,7.320226908225919,91.74744309100711,88.61123242267146,198.3990020751953,133.58799743652344,205.71800231933594,133.45399475097656
35.6,1.0298666288876392e-06,0.0,0.0,7.320226908225919,91.74744309100711,88.61123242267146,198.3990020751953,133.58799743652344,205.71800231933594,133.45399475097656
35.65,1.3731555058107618e-06,0.0,0.0,7.320226908225919,91.74744309100711,88.61123242267146,198.3990020751953,133.58799743652344,205.71800231933594,133.45399475097656
35.7,1.7164407271284365e-06,0.0,0.0,7.320226908225919,91.74744309100711,88.61123242267146,198.3990020751953,133.58799743652344,205.71800231933594,133.45399475097656
35.75,2.059729392623996e-06,0.0,0.0,7.320226908225919,91.74744309100711,88.61123242267146,198.3990020751953,133.58799743652344,205.71800231933594,133.45399475097656
35.800000000000004,2.403018815398731e-06,0.0,0.0,7.320226908225919,91.74744309100711,88.61123242267146,198.3990020751953,133.58799743652344,205.71800231933594,133.45399475097656
35.85,2.7463075006929635e-06,0.0,0.0,7.320226908225919,91.74744309100711,88.61123242267146,198.3990020751953,133.58799743652344,205.71800231933594,133.45399475097656
35.9,2.0597301846561647e-07,0.0,0.0,7.320226908225919,91.74744309100711,88.61123242267146,198.3990020751953,133.58799743652344,205.71800231933594,133.45399475097656
35.95,5.492629846680788e-07,0.0,0.0,7.320226908225919,91.74744309100711,88.61123242267146,198.3990020751953,133.58799743652344,205.71800231933594,133.45399475097656
36.0,8.925517989256035e-07,0.0,0.0,7.320226908225919,91.74744309100711,88.61123242267146,198.3990020751953,133.58799743652344,205.71800231933594,133.45399475097656
36.050000000000004,1.2358369315480652e-06,0.0,0.0,7.320226908225919,91.74744309100711,88.61123242267146,198.3990020751953,133.58799743652344,205.71800231933594,133.45399475097656
36.1,1.5791256132789613e-06,0.0,0.0,7.320226908225919,91.74744309100711,88.61123242267146,198.3990020751953,133.58799743652344,205.71800231933594,133.45399475097656
36.15,1.9224145105983813e-06,0.0,0.0,7.320226908225919,91.74744309100711,88.61123242267146,198.3990020751953,133.58799743652344,205.71800231933594,133.45399475097656
36.2,2.265703447038712e-06,0.0,0.0,7.320226908225919,91.74744309100711,88.61123242267146,198.3990020751953,133.58799743652344,205.71800231933594,133.45399475097656
36.25,2.608992122270864e-06,0.0,0.0,7.320226908225919,91.74744309100711,88.61123242267146,198.3990020751953,133.58799743652344,205.71800231933594,133.45399475097656
36.300000000000004,6.86578004671142e-08,0.0,0.0,7.320226908225919,91.74744309100711,88.61123242267146,198.3990020751953,133.58799743652344,205.71800231933594,133.45399475097656
36.35,4.1194491390750724e-07,0.0,0.0,7.320226908225919,91.74744309100711,88.61123242267146,198.3990020751953,133.58799743652344,205.71800231933594,133.45399475097656
36.4,7.552339838761119e-07,0.0,0.0,7.320226908225919,91.74744309100711,88.61123242267146,198.3990020751953,133.58799743652344,205.71800231933594,133.45399475097656
36.45,1.0985219802630385e-06,0.0,0.0,7.320226908225919,91.74744309100711,88.61123242267146,198.3990020751953,133.58799743652344,205.71800231933594,133.45399475097656
36.5,1.4418110852863691e-06,0.0,0.0,7.320226908225919,91.74744309100711,88.61123242267146,198.3990020751953,133.58799743652344,205.71800231933594,133.45399475097656
36.550000000000004,1.7850996366330017e-06,0.0,0.0,7.320226908225919,91.74744309100711,88.61123242267146,198.3990020751953,133.58799743652344,205.71800231933594,133.45399475097656
36.6,2.1283892371308777e-06,0.0,0.0,7.320226908225919,91.74744309100711,88.61123242267146,198.3990020751953,133.58799743652344,205.71800231933594,133.45399475097656
36.65,2.4716772952263334e-06,0.0,0.0,7.320226908225919,91.74744309100711,88.61123242267146,198.3990020751953,133.58799743652344,205.71800231933594,133.45399475097656
36.7,2.8149660040906606e-06,0.0,0.0,7.320226908225919,91.74744309100711,88.61123242267146,198.3990020751953,133.58799743652344,205.71800231933594,133.45399475097656
36.75,2.7463259684018666e-07,0.0,0.0,7.320226908225919,91.74744309100711,88.61123242267146,198.3990020751953,133.58799743652344,205.71800231933594,133.45399475097656
36.800000000000004,6.179184193211823e-07,0.0,0.0,7.320226908225919,91.74744309100711,88.61123242267146,198.3990020751953,133.58799743652344,205.71800231933594,133.45399475097656
36.85,9.612073428032718e-07,0.0,0.0,7.320226908225919,91.74744309100711,88.61123242267146,198.3990020751953,133.58799743652344,205.71800231933594,133.45399475097656
36.9,1.304496490256948e-06,0.0,0.0,7.320226908225919,91.74744309100711,88.61123242267146,198.3990020751953,133.58799743652344,205.71800231933594,133.45399475097656
36.95,1.6477847766537665e-06,0.0,0.0,7.320226908225919,91.74744309100711,88.61123242267146,198.3990020751953,133.58799743652344,205.71800231933594,133.45399475097656
37.0,1.99107377587567e-06,0.0,0.0,7.320226908225919,91.74744309100711,88.61123242267146,198.3990020751953,133.58799743652344,205.71800231933594,133.45399475097656
37.050000000000004,2.3343628524638437e-06,0.0,0.0,7.320226908225919,91.74744309100711,88.61123242267146,198.3990020751953,133.58799743652344,205.71800231933594,133.45399475097656
37.1,2.6776511642683562e-06,0.0,0.0,7.320226908225919,91.74744309100711,88.61123242267146,198.3990020751953,133.58799743652344,205.71800231933594,133.45399475097656
37.15,1.3731564056948137e-07,0.0,0.0,7.320226908225919,91.74744309100711,88.61123242267146,198.3990020751953,133.58799743652344,205.71800231933594,133.45399475097656
37.2,4.806036513154226e-07,0.0,0.0,7.320226908225919,91.74744309100711,88.61123242267146,198.3990020751953,133.58799743652344,205.71800231933594,133.45399475097656
37.25,8.238927410950433e-07,0.0,0.0,7.320226908225919,91.74744309100711,88.61123242267146,198.3990020751953,133.58799743652344,205.71800231933594,133.45399475097656
37.300000000000004,1.1671815405662426e-06,0.0,0.0,7.320226908225919,91.74744309100711,88.61123242267146,198.3990020751953,133.58799743652344,205.71800231933594,133.45399475097656
37.35,1.5104700221392989e-06,0.0,0.0,7.320226908225919,91.74744309100711,88.61123242267146,198.3990020751953,133.58799743652344,205.71800231933594,133.45399475097656
37.4,1.8537588329274355e-06,0.0,0.0,7.320226908225919,91.74744309100711,88.61123242267146,198.3990020751953,133.58799743652344,205.71800231933594,133.45399475097656
37.45,2.197044146985655e-06,0.0,0.0,7.320226908225919,91.74744309100711,88.61123242267146,198.3990020751953,133.58799743652344,205.71800231933594,133.45399475097656
37.5,2.540332970190938e-06,0.0,0.0,7.320226908225919,91.74744309100711,88.61123242267146,198.3990020751953,133.58799743652344,205.71800231933594,133.45399475097656
37.550000000000004,0.0,0.0,0.0,7.320226908225919,91.74744309100711,88.61123242267146,198.3990020751953,133.58799743652344,205.71800231933594,133.45399475097656
37.6,3.432887756266656e-07,0.0,0.0,7.320226908225919,91.74744309100711,88.61123242267146,198.3990020751953,133.58799743652344,205.71800231933594,133.45399475097656
37.65,6.865777720339694e-07,0.0,0.0,7.320226908225919,91.74744309100711,88.61123242267146,198.3990020751953,133.58799743652344,205.71800231933594,133.45399475097656
37.7,1.029867820002878e-06,0.0,0.0,7.320226908225919,91.74744309100711,88.61123242267146,198.3990020751953,133.58799743652344,205.71800231933594,133.45399475097656
37.75,1.3731553653173255e-06,0.0,0.0,7.320226908225919,91.74744309100711,88.61123242267146,198.3990020751953,133.58799743652344,205.71800231933594,133.45399475097656
37.800000000000004,1.7164404426353475e-06,0.0,0.0,7.320226908225919,91.74744309100711,88.61123242267146,198.3990020751953,133.58799743652344,205.71800231933594,133.45399475097656
37.85,2.059729139745663e-06,0.0,0.0,7.320226908225919,91.74744309100711,88.61123242267146,198.3990020751953,133.58799743652344,205.71800231933594,133.45399475097656
37.9,2.4030182269279737e-06,0.0,0.0,7.320226908225919,91.74744309100711,88.61123242267146,198.3990020751953,133.58799743652344,205.71800231933594,133.45399475097656
37.95,2.7463068426896253e-06,0.0,0.0,7.320226908225919,91.74744309100711,88.61123242267146,198.3990020751953,133.58799743652344,205.71800231933594,133.45399475097656
38.0,2.059736877633716e-07,0.0,0.0,7.320226908225919,91.74744309100711,88.61123242267146,198.3990020751953,133.58799743652344,205.71800231933594,133.45399475097656
38.050000000000004,5.492628757165271e-07,0.0,0.0,7.320226908225919,91.74744309100711,88.61123242267146,198.3990020751953,133.58799743652344,205.71800231933594,133.45399475097656
38.1,8.925522786201042e-07,0.0,0.0,7.320226908225919,91.74744309100711,88.61123242267146,198.3990020751953,133.58799743652344,205.71800231933594,133.45399475097656
38.15,1.235837190897402e-06,0.0,0.0,7.320226908225919,91.74744309100711,88.61123242267146,198.3990020751953,133.58799743652344,205.71800231933594,133.45399475097656
38.2,1.5791255932812982e-06,0.0,0.0,7.320226908225919,91.74744309100711,88.61123242267146,198.3990020751953,133.58799743652344,205.71800231933594,133.45399475097656
38.25,1.9224146975664845e-06,0.0,0.0,7.320226908225919,91.74744309100711,88.61123242267146,198.3990020751953,133.58799743652344,205.71800231933594,133.45399475097656
38.300000000000004,2.2657033917842516e-06,0.0,0.0,7.320226908225919,91.74744309100711,88.61123242267146,198.3990020751953,133.58799743652344,205.71800231933594,133.45399475097656
38.35,2.6089919896275625e-06,0.0,0.0,7.320226908225919,91.74744309100711,88.61123242267146,198.3990020751953,133.58799743652344,205.71800231933594,133.45399475097656
38.400000000000006,6.86578004671142e-08,0.0,0.0,7.320226908225919,91.74744309100711,88.61123242267146,198.3990020751953,133.58799743652344,205.71800231933594,133.45399475097656
38.45,4.1194491390750724e-07,0.0,0.0,7.320226908225919,91.74744309100711,88.61123242267146,198.3990020751953,133.58799743652344,205.71800231933594,133.45399475097656
38.5,7.552339838761119e-07,0.0,0.0,7.320226908225919,91.74744309100711,88.61123242267146,198.3990020751953,133.58799743652344,205.71800231933594,133.45399475097656
38.550000000000004,1.0985223505637192e-06,0.0,0.0,7.320226908225919,91.74744309100711,88.61123242267146,198.3990020751953,133.58799743652344,205.71800231933594,133.45399475097656
38.6,1.441810849366576e-06,0.0,0.0,7.320226908225919,91.74744309100711,88.61123242267146,198.3990020751953,133.58799743652344,205.71800231933594,133.45399475097656
38.650000000000006,1.785099726275052e-06,0.0,0.0,7.320226908225919,91.74744309100711,88.61123242267146,198.3990020751953,133.58799743652344,205.71800231933594,133.45399475097656
38.7,2.1283902701413794e-06,0.0,0.0,7.320226908225919,91.74744309100711,88.61123242267146,198.3990020751953,133.58799743652344,205.71800231933594,133.45399475097656
38.75,2.471677283543276e-06,0.0,0.0,7.320226908225919,91.74744309100711,88.61123242267146,198.3990020751953,133.58799743652344,205.71800231933594,133.45399475097656
38.800000000000004,2.8149666188789305e-06,0.0,0.0,7.320226908225919,91.74744309100711,88.61123242267146,198.3990020751953,133.58799743652344,205.71800231933594,133.45399475097656
38.85,2.7463259684018666e-07,0.0,0.0,7.320226908225919,91.74744309100711,88.61123242267146,198.3990020751953,133.58799743652344,205.71800231933594,133.45399475097656
38.900000000000006,6.179213234251006e-07,0.0,0.0,7.320226908225919,91.74744309100711,88.61123242267146,198.3990020751953,133.58799743652344,205.71800231933594,133.45399475097656
38.95,9.61207269090251e-07,0.0,0.0,7.320226908225919,91.74744309100711,88.61123242267146,198.3990020751953,133.58799743652344,205.71800231933594,133.45399475097656
39.0,1.3044966251889117e-06,0.0,0.0,7.320226908225919,91.74744309100711,88.61123242267146,198.3990020751953,133.58799743652344,205.71800231933594,133.45399475097656
39.050000000000004,1.6477850747024493e-06,0.0,0.0,7.320226908225919,91.74744309100711,88.61123242267146,198.3990020751953,133.58799743652344,205.71800231933594,133.45399475097656
39.1,1.991074430479634e-06,0.0,0.0,7.320226908225919,91.74744309100711,88.61123242267146,198.3990020751953,133.58799743652344,205.71800231933594,133.45399475097656
39.150000000000006,2.3343625920561014e-06,0.0,0.0,7.320226908225919,91.74744309100711,88.61123242267146,198.3990020751953,133.58799743652344,205.71800231933594,133.45399475097656
39.2,2.6776511697868326e-06,0.0,0.0,7.320226908225919,91.74744309100711,88.61123242267146,198.3990020751953,133.58799743652344,205.71800231933594,133.45399475097656
39.25,1.3731576858917978e-07,0.0,0.0,7.320226908225919,91.74744309100711,88.61123242267146,198.3990020751953,133.58799743652344,205.71800231933594,133.45399475097656
39.300000000000004,4.80604227246384e-07,0.0,0.0,7.320226908225919,91.74744309100711,88.61123242267146,198.3990020751953,133.58799743652344,205.71800231933594,133.45399475097656
39.35,8.238932916693772e-07,0.0,0.0,7.320226908225919,91.74744309100711,88.61123242267146,198.3990020751953,133.58799743652344,205.71800231933594,133.45399475097656
39.400000000000006,1.167181336146977e-06,0.0,0.0,7.320226908225919,91.74744309100711,88.61123242267146,198.3990020751953,133.58799743652344,205.71800231933594,133.45399475097656
39.45,1.510470030397826e-06,0.0,0.0,7.320226908225919,91.74744309100711,88.61123242267146,198.3990020751953,133.58799743652344,205.71800231933594,133.45399475097656
39.5,1.8537587726836444e-06,0.0,0.0,7.320226908225919,91.74744309100711,88.61123242267146,198.3990020751953,133.58799743652344,205.71800231933594,133.45399475097656
39.550000000000004,2.1970440848124974e-06,0.0,0.0,7.320226908225919,91.74744309100711,88.61123242267146,198.3990020751953,133.58799743652344,205.71800231933594,133.45399475097656
39.6,2.540332863037586e-06,0.0,0.0,7.320226908225919,91.74744309100711,88.61123242267146,198.3990020751953,133.58799743652344,205.71800231933594,133.45399475097656
39.650000000000006,0.0,0.0,0.0,7.320226908225919,91.74744309100711,88.61123242267146,198.3990020751953,133.58799743652344,205.71800231933594,133.45399475097656
39.7,3.432887922553441e-07,0.0,0.0,7.320226908225919,91.74744309100711,88.61123242267146,198.3990020751953,133.58799743652344,205.71800231933594,133.45399475097656
39.75,6.865776326869719e-07,0.0,0.0,7.320226908225919,91.74744309100711,88.61123242267146,198.3990020751953,133.58799743652344,205.71800231933594,133.45399475097656
39.800000000000004,1.029867373670754e-06,0.0,0.0,7.320226908225919,91.74744309100711,88.61123242267146,198.3990020751953,133.58799743652344,205.71800231933594,133.45399475097656
39.85,1.3731551971679038e-06,0.0,0.0,7.320226908225919,91.74744309100711,88.61123242267146,198.3990020751953,133.58799743652344,205.71800231933594,133.45399475097656
39.900000000000006,1.716440501379842e-06,0.0,0.0,7.320226908225919,91.74744309100711,88.61123242267146,198.3990020751953,133.58799743652344,205.71800231933594,133.45399475097656
39.95,2.0597291259683666e-06,0.0,0.0,7.320226908225919,91.74744309100711,88.61123242267146,198.3990020751953,133.58799743652344,205.71800231933594,133.45399475097656
40.0,2.403017973655583e-06,0.0,0.0,7.320226908225919,91.74744309100711,88.61123242267146,198.3990020751953,133.58799743652344,205.71800231933594,133.45399475097656
40.050000000000004,2.746306910704961e-06,0.0,0.0,7.320226908225919,91.74744309100711,88.61123242267146,198.3990020751953,133.58799743652344,205.71800231933594,133.45399475097656
40.1,2.0597391905226327e-07,0.0,0.0,7.320226908225919,91.74744309100711,88.61123242267146,198.3990020751953,133.58799743652344,205.71800231933594,133.45399475097656
40.150000000000006,5.492630065430487e-07,0.0,0.0,7.320226908225919,91.74744309100711,88.61123242267146,198.3990020751953,133.58799743652344,205.71800231933594,133.45399475097656
40.2,8.925530987011026e-07,0.0,0.0,7.320226908225919,91.74744309100711,88.61123242267146,198.3990020751953,133.58799743652344,205.71800231933594,133.45399475097656
40.25,1.2358368363495253e-06,0.0,0.0,7.320226908225919,91.74744309100711,88.61123242267146,198.3990020751953,133.58799743652344,205.71800231933594,133.45399475097656
40.300000000000004,1.5791257224399626e-06,0.0,0.0,7.320226908225919,91.74744309100711,88.61123242267146,198.3990020751953,133.58799743652344,205.71800231933594,133.45399475097656
40.35,1.922414522477781e-06,0.0,0.0,7.320226908225919,91.74744309100711,88.61123242267146,198.3990020751953,133.58799743652344,205.71800231933594,133.45399475097656
40.400000000000006,2.265703287681017e-06,0.0,0.0,7.320226908225919,91.74744309100711,88.61123242267146,198.3990020751953,133.58799743652344,205.71800231933594,133.45399475097656
40.45,2.608992118142531e-06,0.0,0.0,7.320226908225919,91.74744309100711,88.61123242267146,198.3990020751953,133.58799743652344,205.71800231933594,133.45399475097656
40.5,6.86578004671142e-08,0.0,0.0,7.320226908225919,91.74744309100711,88.61123242267146,198.3990020751953,133.58799743652344,205.71800231933594,133.45399475097656
40.550000000000004,4.119444959142388e-07,0.0,0.0,7.320226908225919,91.74744309100711,88.61123242267146,198.3990020751953,133.58799743652344,205.71800231933594,133.45399475097656
40.6,7.552340302939399e-07,0.0,0.0,7.320226908225919,91.74744309100711,88.61123242267146,198.3990020751953,133.58799743652344,205.71800231933594,133.45399475097656
40.650000000000006,1.0985219929434076e-06,0.0,0.0,7.320226908225919,91.74744309100711,88.61123242267146,198.3990020751953,133.58799743652344,205.71800231933594,133.45399475097656
40.7,1.4418108435845954e-06,0.0,0.0,7.320226908225919,91.74744309100711,88.61123242267146,198.3990020751953,133.58799743652344,205.71800231933594,133.45399475097656
40.75,1.7850996343222401e-06,0.0,0.0,7.320226908225919,91.74744309100711,88.61123242267146,198.3990020751953,133.58799743652344,205.71800231933594,133.45399475097656
40.800000000000004,2.1283884851132554e-06,0.0,0.0,7.320226908225919,91.74744309100711,88.61123242267146,198.3990020751953,133.58799743652344,205.71800231933594,133.45399475097656
40.85,2.4716772748045237e-06,0.0,0.0,7.320226908225919,91.74744309100711,88.61123242267146,198.3990020751953,133.58799743652344,205.71800231933594,133.45399475097656
40.900000000000006,2.8149660142268552e-06,0.0,0.0,7.320226908225919,91.74744309100711,88.61123242267146,198.3990020751953,133.58799743652344,205.71800231933594,133.45399475097656
40.95,2.74630692893872e-07,0.0,0.0,7.320226908225919,91.74744309100711,88.61123242267146,198.3990020751953,133.58799743652344,205.71800231933594,133.45399475097656
41.0,6.179184223967033e-07,0.0,0.0,7.320226908225919,91.74744309100711,88.61123242267146,198.3990020751953,133.58799743652344,205.71800231933594,133.45399475097656
41.050000000000004,9.612073891482638e-07,0.0,0.0,7.320226908225919,91.74744309100711,88.61123242267146,198.3990020751953,133.58799743652344,205.71800231933594,133.45399475097656
41.1,1.304496045828413e-06,0.0,0.0,7.320226908225919,91.74744309100711,88.61123242267146,198.3990020751953,133.58799743652344,205.71800231933594,133.45399475097656
41.150000000000006,1.6477847598888152e-06,0.0,0.0,7.320226908225919,91.74744309100711,88.61123242267146,198.3990020751953,133.58799743652344,205.71800231933594,133.45399475097656
41.2,1.991073625372028e-06,0.0,0.0,7.320226908225919,91.74744309100711,88.61123242267146,198.3990020751953,133.58799743652344,205.71800231933594,133.45399475097656
41.25,2.334362554861639e-06,0.0,0.0,7.320226908225919,91.74744309100711,88.61123242267146,198.3990020751953,133.58799743652344,205.71800231933594,133.45399475097656
41.300000000000004,2.67765117623559e-06,0.0,0.0,7.320226908225919,91.74744309100711,88.61123242267146,198.3990020751953,133.58799743652344,205.71800231933594,133.45399475097656
41.35,1.3731564056948148e-07,0.0,0.0,7.320226908225919,91.74744309100711,88.61123242267146,198.3990020751953,133.58799743652344,205.71800231933594,133.45399475097656
41.400000000000006,4.806036513154226e-07,0.0,0.0,7.320226908225919,91.74744309100711,88.61123242267146,198.3990020751953,133.58799743652344,205.71800231933594,133.45399475097656
41.45,8.238928279551989e-07,0.0,0.0,7.320226908225919,91.74744309100711,88.61123242267146,198.3990020751953,133.58799743652344,205.71800231933594,133.45399475097656
41.5,1.167181488676805e-06,0.0,0.0,7.320226908225919,91.74744309100711,88.61123242267146,198.3990020751953,133.58799743652344,205.71800231933594,133.45399475097656
41.550000000000004,1.5104700113788377e-06,0.0,0.0,7.320226908225919,91.74744309100711,88.61123242267146,198.3990020751953,133.58799743652344,205.71800231933594,133.45399475097656
41.6,1.8537587777544599e-06,0.0,0.0,7.320226908225919,91.74744309100711,88.61123242267146,198.3990020751953,133.58799743652344,205.71800231933594,133.45399475097656
41.650000000000006,2.1970443059227174e-06,0.0,0.0,7.320226908225919,91.74744309100711,88.61123242267146,198.3990020751953,133.58799743652344,205.71800231933594,133.45399475097656
41.7,2.540332833910185e-06,0.0,0.0,7.320226908225919,91.74744309100711,88.61123242267146,198.3990020751953,133.58799743652344,205.71800231933594,133.45399475097656
41.75,0.0,0.0,0.0,7.320226908225919,91.74744309100711,88.61123242267146,198.3990020751953,133.58799743652344,205.71800231933594,133.45399475097656
41.800000000000004,3.43288631378761e-07,0.0,0.0,7.320226908225919,91.74744309100711,88.61123242267146,198.3990020751953,133.58799743652344,205.71800231933594,133.45399475097656
41.85,6.865777431000392e-07,0.0,0.0,7.320226908225919,91.74744309100711,88.61123242267146,198.3990020751953,133.58799743652344,205.71800231933594,133.45399475097656
41.900000000000006,1.0298668890360702e-06,0.0,0.0,7.320226908225919,91.74744309100711,88.61123242267146,198.3990020751953,133.58799743652344,205.71800231933594,133.45399475097656
41.95,1.3731554337209606e-06,0.0,0.0,7.320226908225919,91.74744309100711,88.61123242267146,198.3990020751953,133.58799743652344,205.71800231933594,133.45399475097656
42.0,1.7164404474680828e-06,0.0,0.0,7.320226908225919,91.74744309100711,88.61123242267146,198.3990020751953,133.58799743652344,205.71800231933594,133.45399475097656
42.050000000000004,2.0597291829553703e-06,0.0,0.0,7.320226908225919,91.74744309100711,88.61123242267146,198.3990020751953,133.58799743652344,205.71800231933594,133.45399475097656
42.1,2.403018234374716e-06,0.0,0.0,7.320226908225919,91.74744309100711,88.61123242267146,198.3990020751953,133.58799743652344,205.71800231933594,133.45399475097656
42.150000000000006,2.7463068529195243e-06,0.0,0.0,7.320226908225919,91.74744309100711,88.61123242267146,198.3990020751953,133.58799743652344,205.71800231933594,133.45399475097656
42.2,2.0597391905226327e-07,0.0,0.0,7.320226908225919,91.74744309100711,88.61123242267146,198.3990020751953,133.58799743652344,205.71800231933594,133.45399475097656
42.25,5.492629844377681e-07,0.0,0.0,7.320226908225919,91.74744309100711,88.61123242267146,198.3990020751953,133.58799743652344,205.71800231933594,133.45399475097656
42.300000000000004,8.925522168511293e-07,0.0,0.0,7.320226908225919,91.74744309100711,88.61123242267146,198.3990020751953,133.58799743652344,205.71800231933594,133.45399475097656
42.35,1.2358371348891056e-06,0.0,0.0,7.320226908225919,91.74744309100711,88.61123242267146,198.3990020751953,133.58799743652344,205.71800231933594,133.45399475097656
42.400000000000006,1.5791255972040158e-06,0.0,0.0,7.320226908225919,91.74744309100711,88.61123242267146,198.3990020751953,133.58799743652344,205.71800231933594,133.45399475097656
42.45,1.92241454253273e-06,0.0,0.0,7.320226908225919,91.74744309100711,88.61123242267146,198.3990020751953,133.58799743652344,205.71800231933594,133.45399475097656
42.5,2.265703149681913e-06,0.0,0.0,7.320226908225919,91.74744309100711,88.61123242267146,198.3990020751953,133.58799743652344,205.71800231933594,133.45399475097656
42.550000000000004,2.608992186591345e-06,0.0,0.0,7.320226908225919,91.74744309100711,88.61123242267146,198.3990020751953,133.58799743652344,205.71800231933594,133.45399475097656
42.6,6.865793735611224e-08,0.0,0.0,7.320226908225919,91.74744309100711,88.61123242267146,198.3990020751953,133.58799743652344,205.71800231933594,133.45399475097656
42.650000000000006,4.119444241282754e-07,0.0,0.0,7.320226908225919,91.74744309100711,88.61123242267146,198.3990020751953,133.58799743652344,205.71800231933594,133.45399475097656
42.7,7.552342349908703e-07,0.0,0.0,7.320226908225919,91.74744309100711,88.61123242267146,198.3990020751953,133.58799743652344,205.71800231933594,133.45399475097656
42.75,1.0985220074525943e-06,0.0,0.0,7.320226908225919,91.74744309100711,88.61123242267146,198.3990020751953,133.58799743652344,205.71800231933594,133.45399475097656
42.800000000000004,1.4418111556969326e-06,0.0,0.0,7.320226908225919,91.74744309100711,88.61123242267146,198.3990020751953,133.58799743652344,205.71800231933594,133.45399475097656
42.85,1.7850996079525862e-06,0.0,0.0,7.320226908225919,91.74744309100711,88.61123242267146,198.3990020751953,133.58799743652344,205.71800231933594,133.45399475097656
42.900000000000006,2.1283885795465662e-06,0.0,0.0,7.320226908225919,91.74744309100711,88.61123242267146,198.3990020751953,133.58799743652344,205.71800231933594,133.45399475097656
42.95,2.47167721759291e-06,0.0,0.0,7.320226908225919,91.74744309100711,88.61123242267146,198.3990020751953,133.58799743652344,205.71800231933594,133.45399475097656
43.0,2.8149660431168286e-06,0.0,0.0,7.320226908225919,91.74744309100711,88.61123242267146,198.3990020751953,133.58799743652344,205.71800231933594,133.45399475097656
43.050000000000004,2.7463209431915295e-07,0.0,0.0,7.320226908225919,91.74744309100711,88.61123242267146,198.3990020751953,133.58799743652344,205.71800231933594,133.45399475097656
43.1,6.179184310667213e-07,0.0,0.0,7.320226908225919,91.74744309100711,88.61123242267146,198.3990020751953,133.58799743652344,205.71800231933594,133.45399475097656
43.150000000000006,9.612094932536877e-07,0.0,0.0,7.320226908225919,91.74744309100711,88.61123242267146,198.3990020751953,133.58799743652344,205.71800231933594,133.45399475097656
43.2,1.304496018556189e-06,0.0,0.0,7.320226908225919,91.74744309100711,88.61123242267146,198.3990020751953,133.58799743652344,205.71800231933594,133.45399475097656
43.25,1.6477847598893857e-06,0.0,0.0,7.320226908225919,91.74744309100711,88.61123242267146,198.3990020751953,133.58799743652344,205.71800231933594,133.45399475097656
43.300000000000004,1.991073625372435e-06,0.0,0.0,7.320226908225919,91.74744309100711,88.61123242267146,198.3990020751953,133.58799743652344,205.71800231933594,133.45399475097656
43.35,2.334363444266879e-06,0.0,0.0,7.320226908225919,91.74744309100711,88.61123242267146,198.3990020751953,133.58799743652344,205.71800231933594,133.45399475097656
43.400000000000006,2.677651167678331e-06,0.0,0.0,7.320226908225919,91.74744309100711,88.61123242267146,198.3990020751953,133.58799743652344,205.71800231933594,133.45399475097656
43.45,1.3731576858917978e-07,0.0,0.0,7.320226908225919,91.74744309100711,88.61123242267146,198.3990020751953,133.58799743652344,205.71800231933594,133.45399475097656
43.5,4.806045632372995e-07,0.0,0.0,7.320226908225919,91.74744309100711,88.61123242267146,198.3990020751953,133.58799743652344,205.71800231933594,133.45399475097656
43.550000000000004,8.238928686644508e-07,0.0,0.0,7.320226908225919,91.74744309100711,88.61123242267146,198.3990020751953,133.58799743652344,205.71800231933594,133.45399475097656
43.6,1.1671814239278044e-06,0.0,0.0,7.320226908225919,91.74744309100711,88.61123242267146,198.3990020751953,133.58799743652344,205.71800231933594,133.45399475097656
43.650000000000006,1.5104700457102414e-06,0.0,0.0,7.320226908225919,91.74744309100711,88.61123242267146,198.3990020751953,133.58799743652344,205.71800231933594,133.45399475097656
43.7,1.8537589643507554e-06,0.0,0.0,7.320226908225919,91.74744309100711,88.61123242267146,198.3990020751953,133.58799743652344,205.71800231933594,133.45399475097656
43.75,2.1970445376040048e-06,0.0,0.0,7.320226908225919,91.74744309100711,88.61123242267146,198.3990020751953,133.58799743652344,205.71800231933594,133.45399475097656
43.800000000000004,2.5403339279144225e-06,0.0,0.0,7.320226908225919,91.74744309100711,88.61123242267146,198.3990020751953,133.58799743652344,205.71800231933594,133.45399475097656
43.85,0.0,0.0,0.0,7.320226908225919,91.74744309100711,88.61123242267146,198.3990020751953,133.58799743652344,205.71800231933594,133.45399475097656
43.900000000000006,3.432886636862677e-07,0.0,0.0,7.320226908225919,91.74744309100711,88.61123242267146,198.3990020751953,133.58799743652344,205.71800231933594,133.45399475097656
43.95,6.865776326901735e-07,0.0,0.0,7.320226908225919,91.74744309100711,88.61123242267146,198.3990020751953,133.58799743652344,205.71800231933594,133.45399475097656
44.0,1.0298667744409436e-06,0.0,0.0,7.320226908225919,91.74744309100711,88.61123242267146,198.3990020751953,133.58799743652344,205.71800231933594,133.45399475097656
44.050000000000004,1.373155643161207e-06,0.0,0.0,7.320226908225919,91.74744309100711,88.61123242267146,198.3990020751953,133.58799743652344,205.71800231933594,133.45399475097656
44.1,1.716440798701576e-06,0.0,0.0,7.320226908225919,91.74744309100711,88.61123242267146,198.3990020751953,133.58799743652344,205.71800231933594,133.45399475097656
44.150000000000006,2.05972991156077e-06,0.0,0.0,7.320226908225919,91.74744309100711,88.61123242267146,198.3990020751953,133.58799743652344,205.71800231933594,133.45399475097656
44.2,2.4030181241908444e-06,0.0,0.0,7.320226908225919,91.74744309100711,88.61123242267146,198.3990020751953,133.58799743652344,205.71800231933594,133.45399475097656
44.25,2.7463073038554865e-06,0.0,0.0,7.320226908225919,91.74744309100711,88.61123242267146,198.3990020751953,133.58799743652344,205.71800231933594,133.45399475097656
44.300000000000004,2.0597391905226327e-07,0.0,0.0,7.320226908225919,91.74744309100711,88.61123242267146,198.3990020751953,133.58799743652344,205.71800231933594,133.45399475097656
44.35,5.492629714745423e-07,0.0,0.0,7.320226908225919,91.74744309100711,88.61123242267146,198.3990020751953,133.58799743652344,205.71800231933594,133.45399475097656
44.400000000000006,8.925517989276387e-07,0.0,0.0,7.320226908225919,91.74744309100711,88.61123242267146,198.3990020751953,133.58799743652344,205.71800231933594,133.45399475097656
44.45,1.23583778489272e-06,0.0,0.0,7.320226908225919,91.74744309100711,88.61123242267146,198.3990020751953,133.58799743652344,205.71800231933594,133.45399475097656
44.5,1.579125599328978e-06,0.0,0.0,7.320226908225919,91.74744309100711,88.61123242267146,198.3990020751953,133.58799743652344,205.71800231933594,133.45399475097656
44.550000000000004,1.9224155369720157e-06,0.0,0.0,7.320226908225919,91.74744309100711,88.61123242267146,198.3990020751953,133.58799743652344,205.71800231933594,133.45399475097656
44.6,2.2657033593737446e-06,0.0,0.0,7.320226908225919,91.74744309100711,88.61123242267146,198.3990020751953,133.58799743652344,205.71800231933594,133.45399475097656
44.650000000000006,2.608992602293738e-06,0.0,0.0,7.320226908225919,91.74744309100711,88.61123242267146,198.3990020751953,133.58799743652344,205.71800231933594,133.45399475097656
44.7,6.86578004671142e-08,0.0,0.0,7.320226908225919,91.74744309100711,88.61123242267146,198.3990020751953,133.58799743652344,205.71800231933594,133.45399475097656
44.75,4.1194479288304533e-07,0.0,0.0,7.320226908225919,91.74744309100711,88.61123242267146,198.3990020751953,133.58799743652344,205.71800231933594,133.45399475097656
44.800000000000004,7.552341161668868e-07,0.0,0.0,7.320226908225919,91.74744309100711,88.61123242267146,198.3990020751953,133.58799743652344,205.71800231933594,133.45399475097656
44.85,1.0985221097892274e-06,0.0,0.0,7.320226908225919,91.74744309100711,88.61123242267146,198.3990020751953,133.58799743652344,205.71800231933594,133.45399475097656
44.900000000000006,1.4418118113587946e-06,0.0,0.0,7.320226908225919,91.74744309100711,88.61123242267146,198.3990020751953,133.58799743652344,205.71800231933594,133.45399475097656
44.95,1.7850997202771124e-06,0.0,0.0,7.320226908225919,91.74744309100711,88.61123242267146,198.3990020751953,133.58799743652344,205.71800231933594,133.45399475097656
45.0,2.1283892722189575e-06,0.0,0.0,7.320226908225919,91.74744309100711,88.61123242267146,198.3990020751953,133.58799743652344,205.71800231933594,133.45399475097656
45.050000000000004,2.4716777928795657e-06,0.0,0.0,7.320226908225919,91.74744309100711,88.61123242267146,198.3990020751953,133.58799743652344,205.71800231933594,133.45399475097656
45.1,2.8149671673049206e-06,0.0,0.0,7.320226908225919,91.74744309100711,88.61123242267146,198.3990020751953,133.58799743652344,205.71800231933594,133.45399475097656
45.150000000000006,2.7463259684018666e-07,0.0,0.0,7.320226908225919,91.74744309100711,88.61123242267146,198.3990020751953,133.58799743652344,205.71800231933594,133.45399475097656
45.2,6.179191799673283e-07,0.0,0.0,7.320226908225919,91.74744309100711,88.61123242267146,198.3990020751953,133.58799743652344,205.71800231933594,133.45399475097656
45.25,9.612072896835264e-07,0.0,0.0,7.320226908225919,91.74744309100711,88.61123242267146,198.3990020751953,133.58799743652344,205.71800231933594,133.45399475097656
45.300000000000004,1.3044967672811995e-06,0.0,0.0,7.320226908225919,91.74744309100711,88.61123242267146,198.3990020751953,133.58799743652344,205.71800231933594,133.45399475097656
45.35,1.6477854238614476e-06,0.0,0.0,7.320226908225919,91.74744309100711,88.61123242267146,198.3990020751953,133.58799743652344,205.71800231933594,133.45399475097656
45.400000000000006,1.991073630771292e-06,0.0,0.0,7.320226908225919,91.74744309100711,88.61123242267146,198.3990020751953,133.58799743652344,205.71800231933594,133.45399475097656
45.45,2.334363214506828e-06,0.0,0.0,7.320226908225919,91.74744309100711,88.61123242267146,198.3990020751953,133.58799743652344,205.71800231933594,133.45399475097656
45.5,2.6776518921681223e-06,0.0,0.0,7.320226908225919,91.74744309100711,88.61123242267146,198.3990020751953,133.58799743652344,205.71800231933594,133.45399475097656
45.550000000000004,1.3731576858917978e-07,0.0,0.0,7.320226908225919,91.74744309100711,88.61123242267146,198.3990020751953,133.58799743652344,205.71800231933594,133.45399475097656
45.6,4.806045632372995e-07,0.0,0.0,7.320226908225919,91.74744309100711,88.61123242267146,198.3990020751953,133.58799743652344,205.71800231933594,133.45399475097656
45.650000000000006,8.238944376488764e-07,0.0,0.0,7.320226908225919,91.74744309100711,88.61123242267146,198.3990020751953,133.58799743652344,205.71800231933594,133.45399475097656
45.7,1.1671817600588725e-06,0.0,0.0,7.320226908225919,91.74744309100711,88.61123242267146,198.3990020751953,133.58799743652344,205.71800231933594,133.45399475097656
45.75,1.510470038270706e-06,0.0,0.0,7.320226908225919,91.74744309100711,88.61123242267146,198.3990020751953,133.58799743652344,205.71800231933594,133.45399475097656
45.800000000000004,1.8537604778152644e-06,0.0,0.0,7.320226908225919,91.74744309100711,88.61123242267146,198.3990020751953,133.58799743652344,205.71800231933594,133.45399475097656
45.85,2.1970439972500714e-06,0.0,0.0,7.320226908225919,91.74744309100711,88.61123242267146,198.3990020751953,133.58799743652344,205.71800231933594,133.45399475097656
45.900000000000006,2.5403328665161976e-06,0.0,0.0,7.320226908225919,91.74744309100711,88.61123242267146,198.3990020751953,133.58799743652344,205.71800231933594,133.45399475097656
45.95,0.0,0.0,0.0,7.320226908225919,91.74744309100711,88.61123242267146,198.3990020751953,133.58799743652344,205.71800231933594,133.45399475097656
46.0,3.43291341207134e-07,0.0,0.0,7.320226908225919,91.74744309100711,88.61123242267146,198.3990020751953,133.58799743652344,205.71800231933594,133.45399475097656
46.050000000000004,6.865808258953565e-07,0.0,0.0,7.320226908225919,91.74744309100711,88.61123242267146,198.3990020751953,133.58799743652344,205.71800231933594,133.45399475097656
46.1,1.0298676534402138e-06,0.0,0.0,7.320226908225919,91.74744309100711,88.61123242267146,198.3990020751953,133.58799743652344,205.71800231933594,133.45399475097656
46.150000000000006,1.373156171933325e-06,0.0,0.0,7.320226908225919,91.74744309100711,88.61123242267146,198.3990020751953,133.58799743652344,205.71800231933594,133.45399475097656
46.2,1.7164406890245293e-06,0.0,0.0,7.320226908225919,91.74744309100711,88.61123242267146,198.3990020751953,133.58799743652344,205.71800231933594,133.45399475097656
46.25,2.0597301639560874e-06,0.0,0.0,7.320226908225919,91.74744309100711,88.61123242267146,198.3990020751953,133.58799743652344,205.71800231933594,133.45399475097656
46.300000000000004,2.403017993883841e-06,0.0,0.0,7.320226908225919,91.74744309100711,88.61123242267146,198.3990020751953,133.58799743652344,205.71800231933594,133.45399475097656
46.35,2.7463069661340437e-06,0.0,0.0,7.320226908225919,91.74744309100711,88.61123242267146,198.3990020751953,133.58799743652344,205.71800231933594,133.45399475097656
46.400000000000006,2.0597391905226327e-07,0.0,0.0,7.320226908225919,91.74744309100711,88.61123242267146,198.3990020751953,133.58799743652344,205.71800231933594,133.45399475097656
46.45,5.492644147399313e-07,0.0,0.0,7.320226908225919,91.74744309100711,88.61123242267146,198.3990020751953,133.58799743652344,205.71800231933594,133.45399475097656
46.5,8.925528357677593e-07,0.0,0.0,7.320226908225919,91.74744309100711,88.61123242267146,198.3990020751953,133.58799743652344,205.71800231933594,133.45399475097656
46.550000000000004,1.2358370387555248e-06,0.0,0.0,7.320226908225919,91.74744309100711,88.61123242267146,198.3990020751953,133.58799743652344,205.71800231933594,133.45399475097656
46.6,1.5791262468967004e-06,0.0,0.0,7.320226908225919,91.74744309100711,88.61123242267146,198.3990020751953,133.58799743652344,205.71800231933594,133.45399475097656
46.650000000000006,1.9224145188429477e-06,0.0,0.0,7.320226908225919,91.74744309100711,88.61123242267146,198.3990020751953,133.58799743652344,205.71800231933594,133.45399475097656
46.7,2.2657034462758157e-06,0.0,0.0,7.320226908225919,91.74744309100711,88.61123242267146,198.3990020751953,133.58799743652344,205.71800231933594,133.45399475097656
46.75,2.608992741634673e-06,0.0,0.0,7.320226908225919,91.74744309100711,88.61123242267146,198.3990020751953,133.58799743652344,205.71800231933594,133.45399475097656
46.800000000000004,6.865793735611224e-08,0.0,0.0,7.320226908225919,91.74744309100711,88.61123242267146,198.3990020751953,133.58799743652344,205.71800231933594,133.45399475097656
46.85,4.119444241282754e-07,0.0,0.0,7.320226908225919,91.74744309100711,88.61123242267146,198.3990020751953,133.58799743652344,205.71800231933594,133.45399475097656
46.900000000000006,7.552340928151094e-07,0.0,0.0,7.320226908225919,91.74744309100711,88.61123242267146,198.3990020751953,133.58799743652344,205.71800231933594,133.45399475097656
46.95,1.098522109790913e-06,0.0,0.0,7.320226908225919,91.74744309100711,88.61123242267146,198.3990020751953,133.58799743652344,205.71800231933594,133.45399475097656
47.0,1.4418117195970955e-06,0.0,0.0,7.320226908225919,91.74744309100711,88.61123242267146,198.3990020751953,133.58799743652344,205.71800231933594,133.45399475097656
47.050000000000004,1.7850996664391073e-06,0.0,0.0,7.320226908225919,91.74744309100711,88.61123242267146,198.3990020751953,133.58799743652344,205.71800231933594,133.45399475097656
47.1,2.1283884926787055e-06,0.0,0.0,7.320226908225919,91.74744309100711,88.61123242267146,198.3990020751953,133.58799743652344,205.71800231933594,133.45399475097656
47.150000000000006,2.471677346882456e-06,0.0,0.0,7.320226908225919,91.74744309100711,88.61123242267146,198.3990020751953,133.58799743652344,205.71800231933594,133.45399475097656
47.2,2.8149665745505962e-06,0.0,0.0,7.320226908225919,91.74744309100711,88.61123242267146,198.3990020751953,133.58799743652344,205.71800231933594,133.45399475097656
47.25,2.7463259684018666e-07,0.0,0.0,7.320226908225919,91.74744309100711,88.61123242267146,198.3990020751953,133.58799743652344,205.71800231933594,133.45399475097656
47.300000000000004,6.179184484360734e-07,0.0,0.0,7.320226908225919,91.74744309100711,88.61123242267146,198.3990020751953,133.58799743652344,205.71800231933594,133.45399475097656
47.35,9.612072557580987e-07,0.0,0.0,7.320226908225919,91.74744309100711,88.61123242267146,198.3990020751953,133.58799743652344,205.71800231933594,133.45399475097656
47.400000000000006,1.3044964538888704e-06,0.0,0.0,7.320226908225919,91.74744309100711,88.61123242267146,198.3990020751953,133.58799743652344,205.71800231933594,133.45399475097656
47.45,1.647785199378721e-06,0.0,0.0,7.320226908225919,91.74744309100711,88.61123242267146,198.3990020751953,133.58799743652344,205.71800231933594,133.45399475097656
47.5,1.9910737934175373e-06,0.0,0.0,7.320226908225919,91.74744309100711,88.61123242267146,198.3990020751953,133.58799743652344,205.71800231933594,133.45399475097656
47.550000000000004,2.3343629193638365e-06,0.0,0.0,7.320226908225919,91.74744309100711,88.61123242267146,198.3990020751953,133.58799743652344,205.71800231933594,133.45399475097656
47.6,2.6776520355736725e-06,0.0,0.0,7.320226908225919,91.74744309100711,88.61123242267146,198.3990020751953,133.58799743652344,205.71800231933594,133.45399475097656
47.650000000000006,1.3731576858917978e-07,0.0,0.0,7.320226908225919,91.74744309100711,88.61123242267146,198.3990020751953,133.58799743652344,205.71800231933594,133.45399475097656
47.7,4.806043566788325e-07,0.0,0.0,7.320226908225919,91.74744309100711,88.61123242267146,198.3990020751953,133.58799743652344,205.71800231933594,133.45399475097656
47.75,8.238928712260687e-07,0.0,0.0,7.320226908225919,91.74744309100711,88.61123242267146,198.3990020751953,133.58799743652344,205.71800231933594,133.45399475097656
47.800000000000004,1.1671812677798613e-06,0.0,0.0,7.320226908225919,91.74744309100711,88.61123242267146,198.3990020751953,133.58799743652344,205.71800231933594,133.45399475097656
47.85,1.5104715930187651e-06,0.0,0.0,7.320226908225919,91.74744309100711,88.61123242267146,198.3990020751953,133.58799743652344,205.71800231933594,133.45399475097656
47.900000000000006,1.8537589106059428e-06,0.0,0.0,7.320226908225919,91.74744309100711,88.61123242267146,198.3990020751953,133.58799743652344,205.71800231933594,133.45399475097656
47.95,2.19704544665564e-06,0.0,0.0,7.320226908225919,91.74744309100711,88.61123242267146,198.3990020751953,133.58799743652344,205.71800231933594,133.45399475097656
48.0,2.540333245674516e-06,0.0,0.0,7.320226908225919,91.74744309100711,88.61123242267146,198.3990020751953,133.58799743652344,205.71800231933594,133.45399475097656
48.050000000000004,0.0,0.0,0.0,7.320226908225919,91.74744309100711,88.61123242267146,198.3990020751953,133.58799743652344,205.71800231933594,133.45399475097656
48.1,3.432886616030861e-07,0.0,0.0,7.320226908225919,91.74744309100711,88.61123242267146,198.3990020751953,133.58799743652344,205.71800231933594,133.45399475097656
48.150000000000006,6.86577632691955e-07,0.0,0.0,7.320226908225919,91.74744309100711,88.61123242267146,198.3990020751953,133.58799743652344,205.71800231933594,133.45399475097656
48.2,1.0298667744378811e-06,0.0,0.0,7.320226908225919,91.74744309100711,88.61123242267146,198.3990020751953,133.58799743652344,205.71800231933594,133.45399475097656
48.25,1.3731555835851026e-06,0.0,0.0,7.320226908225919,91.74744309100711,88.61123242267146,198.3990020751953,133.58799743652344,205.71800231933594,133.45399475097656
48.300000000000004,1.7164404603949926e-06,0.0,0.0,7.320226908225919,91.74744309100711,88.61123242267146,198.3990020751953,133.58799743652344,205.71800231933594,133.45399475097656
48.35,2.059729284180078e-06,0.0,0.0,7.320226908225919,91.74744309100711,88.61123242267146,198.3990020751953,133.58799743652344,205.71800231933594,133.45399475097656
48.400000000000006,2.403018503085061e-06,0.0,0.0,7.320226908225919,91.74744309100711,88.61123242267146,198.3990020751953,133.58799743652344,205.71800231933594,133.45399475097656
48.45,2.746306876067492e-06,0.0,0.0,7.320226908225919,91.74744309100711,88.61123242267146,198.3990020751953,133.58799743652344,205.71800231933594,133.45399475097656
48.5,2.059736877633716e-07,0.0,0.0,7.320226908225919,91.74744309100711,88.61123242267146,198.3990020751953,133.58799743652344,205.71800231933594,133.45399475097656
48.550000000000004,5.492628757165271e-07,0.0,0.0,7.320226908225919,91.74744309100711,88.61123242267146,198.3990020751953,133.58799743652344,205.71800231933594,133.45399475097656
48.6,8.925517740215235e-07,0.0,0.0,7.320226908225919,91.74744309100711,88.61123242267146,198.3990020751953,133.58799743652344,205.71800231933594,133.45399475097656
48.650000000000006,1.2358375787791662e-06,0.0,0.0,7.320226908225919,91.74744309100711,88.61123242267146,198.3990020751953,133.58799743652344,205.71800231933594,133.45399475097656
48.7,1.5791263915311523e-06,0.0,0.0,7.320226908225919,91.74744309100711,88.61123242267146,198.3990020751953,133.58799743652344,205.71800231933594,133.45399475097656
48.75,1.922414899510952e-06,0.0,0.0,7.320226908225919,91.74744309100711,88.61123242267146,198.3990020751953,133.58799743652344,205.71800231933594,133.45399475097656
48.800000000000004,2.265703452928143e-06,0.0,0.0,7.320226908225919,91.74744309100711,88.61123242267146,198.3990020751953,133.58799743652344,205.71800231933594,133.45399475097656
48.85,2.608992741069217e-06,0.0,0.0,7.320226908225919,91.74744309100711,88.61123242267146,198.3990020751953,133.58799743652344,205.71800231933594,133.45399475097656
48.900000000000006,6.86578004671142e-08,0.0,0.0,7.320226908225919,91.74744309100711,88.61123242267146,198.3990020751953,133.58799743652344,205.71800231933594,133.45399475097656
48.95,4.119444959142388e-07,0.0,0.0,7.320226908225919,91.74744309100711,88.61123242267146,198.3990020751953,133.58799743652344,205.71800231933594,133.45399475097656
49.0,7.552332907759145e-07,0.0,0.0,7.320226908225919,91.74744309100711,88.61123242267146,198.3990020751953,133.58799743652344,205.71800231933594,133.45399475097656
49.050000000000004,1.0985229479773368e-06,0.0,0.0,7.320226908225919,91.74744309100711,88.61123242267146,198.3990020751953,133.58799743652344,205.71800231933594,133.45399475097656
49.1,1.4418110669167861e-06,0.0,0.0,7.320226908225919,91.74744309100711,88.61123242267146,198.3990020751953,133.58799743652344,205.71800231933594,133.45399475097656
49.150000000000006,1.7851003059014908e-06,0.0,0.0,7.320226908225919,91.74744309100711,88.61123242267146,198.3990020751953,133.58799743652344,205.71800231933594,133.45399475097656
49.2,2.128389622907401e-06,0.0,0.0,7.320226908225919,91.74744309100711,88.61123242267146,198.3990020751953,133.58799743652344,205.71800231933594,133.45399475097656
49.25,2.4716774507269983e-06,0.0,0.0,7.320226908225919,91.74744309100711,88.61123242267146,198.3990020751953,133.58799743652344,205.71800231933594,133.45399475097656
49.300000000000004,2.8149667047398258e-06,0.0,0.0,7.320226908225919,91.74744309100711,88.61123242267146,198.3990020751953,133.58799743652344,205.71800231933594,133.45399475097656
49.35,2.7463259684018666e-07,0.0,0.0,7.320226908225919,91.74744309100711,88.61123242267146,198.3990020751953,133.58799743652344,205.71800231933594,133.45399475097656
49.400000000000006,6.179190368578434e-07,0.0,0.0,7.320226908225919,91.74744309100711,88.61123242267146,198.3990020751953,133.58799743652344,205.71800231933594,133.45399475097656
49.45,9.612093820678219e-07,0.0,0.0,7.320226908225919,91.74744309100711,88.61123242267146,198.3990020751953,133.58799743652344,205.71800231933594,133.45399475097656
49.5,1.3044966277940912e-06,0.0,0.0,7.320226908225919,91.74744309100711,88.61123242267146,198.3990020751953,133.58799743652344,205.71800231933594,133.45399475097656
49.550000000000004,1.6477848525480583e-06,0.0,0.0,7.320226908225919,91.74744309100711,88.61123242267146,198.3990020751953,133.58799743652344,205.71800231933594,133.45399475097656
49.6,1.991074288528454e-06,0.0,0.0,7.320226908225919,91.74744309100711,88.61123242267146,198.3990020751953,133.58799743652344,205.71800231933594,133.45399475097656
49.650000000000006,2.3343625421526607e-06,0.0,0.0,7.320226908225919,91.74744309100711,88.61123242267146,198.3990020751953,133.58799743652344,205.71800231933594,133.45399475097656
49.7,2.677651169607647e-06,0.0,0.0,7.320226908225919,91.74744309100711,88.61123242267146,198.3990020751953,133.58799743652344,205.71800231933594,133.45399475097656
49.75,1.3731576858917978e-07,0.0,0.0,7.320226908225919,91.74744309100711,88.61123242267146,198.3990020751953,133.58799743652344,205.71800231933594,133.45399475097656
49.800000000000004,4.806047305100512e-07,0.0,0.0,7.320226908225919,91.74744309100711,88.61123242267146,198.3990020751953,133.58799743652344,205.71800231933594,133.45399475097656
49.85,8.238942033582462e-07,0.0,0.0,7.320226908225919,91.74744309100711,88.61123242267146,198.3990020751953,133.58799743652344,205.71800231933594,133.45399475097656
49.900000000000006,1.1671829492835124e-06,0.0,0.0,7.320226908225919,91.74744309100711,88.61123242267146,198.3990020751953,133.58799743652344,205.71800231933594,133.45399475097656
49.95,1.5104707458918048e-06,0.0,0.0,7.320226908225919,91.74744309100711,88.61123242267146,198.3990020751953,133.58799743652344,205.71800231933594,133.45399475097656
50.0,1.8537590591746135e-06,0.0,0.0,7.320226908225919,91.74744309100711,88.61123242267146,198.3990020751953,133.58799743652344,205.71800231933594,133.45399475097656
50.050000000000004,2.1970446859246962e-06,0.0,0.0,7.320226908225919,91.74744309100711,88.61123242267146,198.3990020751953,133.58799743652344,205.71800231933594,133.45399475097656
50.1,2.5403341151648087e-06,0.0,0.0,7.320226908225919,91.74744309100711,88.61123242267146,198.3990020751953,133.58799743652344,205.71800231933594,133.45399475097656
50.150000000000006,0.0,0.0,0.0,7.320226908225919,91.74744309100711,88.61123242267146,198.3990020751953,133.58799743652344,205.71800231933594,133.45399475097656
50.2,3.4329154386745394e-07,0.0,0.0,7.320226908225919,91.74744309100711,88.61123242267146,198.3990020751953,133.58799743652344,205.71800231933594,133.45399475097656
50.25,6.865779426234625e-07,0.0,0.0,7.320226908225919,91.74744309100711,88.61123242267146,198.3990020751953,133.58799743652344,205.71800231933594,133.45399475097656
50.300000000000004,1.0298664058492853e-06,0.0,0.0,7.320226908225919,91.74744309100711,88.61123242267146,198.3990020751953,133.58799743652344,205.71800231933594,133.45399475097656
50.35,1.3731553854865005e-06,0.0,0.0,7.320226908225919,91.74744309100711,88.61123242267146,198.3990020751953,133.58799743652344,205.71800231933594,133.45399475097656
50.400000000000006,1.7164404682706063e-06,0.0,0.0,7.320226908225919,91.74744309100711,88.61123242267146,198.3990020751953,133.58799743652344,205.71800231933594,133.45399475097656
50.45,2.059729895090762e-06,0.0,0.0,7.320226908225919,91.74744309100711,88.61123242267146,198.3990020751953,133.58799743652344,205.71800231933594,133.45399475097656
50.5,2.4030193362939873e-06,0.0,0.0,7.320226908225919,91.74744309100711,88.61123242267146,198.3990020751953,133.58799743652344,205.71800231933594,133.45399475097656
50.550000000000004,2.746306903457386e-06,0.0,0.0,7.320226908225919,91.74744309100711,88.61123242267146,198.3990020751953,133.58799743652344,205.71800231933594,133.45399475097656
50.6,2.0597391905226327e-07,0.0,0.0,7.320226908225919,91.74744309100711,88.61123242267146,198.3990020751953,133.58799743652344,205.71800231933594,133.45399475097656
50.650000000000006,5.492630049150736e-07,0.0,0.0,7.320226908225919,91.74744309100711,88.61123242267146,198.3990020751953,133.58799743652344,205.71800231933594,133.45399475097656
50.7,8.925519766922889e-07,0.0,0.0,7.320226908225919,91.74744309100711,88.61123242267146,198.3990020751953,133.58799743652344,205.71800231933594,133.45399475097656
50.75,1.2358370387390648e-06,0.0,0.0,7.320226908225919,91.74744309100711,88.61123242267146,198.3990020751953,133.58799743652344,205.71800231933594,133.45399475097656
50.800000000000004,1.5791266709043875e-06,0.0,0.0,7.320226908225919,91.74744309100711,88.61123242267146,198.3990020751953,133.58799743652344,205.71800231933594,133.45399475097656
50.85,1.9224144892552148e-06,0.0,0.0,7.320226908225919,91.74744309100711,88.61123242267146,198.3990020751953,133.58799743652344,205.71800231933594,133.45399475097656
50.900000000000006,2.2657036712424387e-06,0.0,0.0,7.320226908225919,91.74744309100711,88.61123242267146,198.3990020751953,133.58799743652344,205.71800231933594,133.45399475097656
50.95,2.6089924851931393e-06,0.0,0.0,7.320226908225919,91.74744309100711,88.61123242267146,198.3990020751953,133.58799743652344,205.71800231933594,133.45399475097656
51.0,6.86578004671142e-08,0.0,0.0,7.320226908225919,91.74744309100711,88.61123242267146,198.3990020751953,133.58799743652344,205.71800231933594,133.45399475097656
51.050000000000004,4.1194491390750724e-07,0.0,0.0,7.320226908225919,91.74744309100711,88.61123242267146,198.3990020751953,133.58799743652344,205.71800231933594,133.45399475097656
51.1,7.552333559897453e-07,0.0,0.0,7.320226908225919,91.74744309100711,88.61123242267146,198.3990020751953,133.58799743652344,205.71800231933594,133.45399475097656
51.150000000000006,1.0985229710523773e-06,0.0,0.0,7.320226908225919,91.74744309100711,88.61123242267146,198.3990020751953,133.58799743652344,205.71800231933594,133.45399475097656
51.2,1.4418110321175602e-06,0.0,0.0,7.320226908225919,91.74744309100711,88.61123242267146,198.3990020751953,133.58799743652344,205.71800231933594,133.45399475097656
51.25,1.785100058688352e-06,0.0,0.0,7.320226908225919,91.74744309100711,88.61123242267146,198.3990020751953,133.58799743652344,205.71800231933594,133.45399475097656
51.300000000000004,2.1283888285162233e-06,0.0,0.0,7.320226908225919,91.74744309100711,88.61123242267146,198.3990020751953,133.58799743652344,205.71800231933594,133.45399475097656
51.35,2.4716779323379145e-06,0.0,0.0,7.320226908225919,91.74744309100711,88.61123242267146,198.3990020751953,133.58799743652344,205.71800231933594,133.45399475097656
51.400000000000006,2.8149661430427958e-06,0.0,0.0,7.320226908225919,91.74744309100711,88.61123242267146,198.3990020751953,133.58799743652344,205.71800231933594,133.45399475097656
51.45,2.74630692893872e-07,0.0,0.0,7.320226908225919,91.74744309100711,88.61123242267146,198.3990020751953,133.58799743652344,205.71800231933594,133.45399475097656
51.5,6.179184223967033e-07,0.0,0.0,7.320226908225919,91.74744309100711,88.61123242267146,198.3990020751953,133.58799743652344,205.71800231933594,133.45399475097656
51.550000000000004,9.612078297304932e-07,0.0,0.0,7.320226908225919,91.74744309100711,88.61123242267146,198.3990020751953,133.58799743652344,205.71800231933594,133.45399475097656
51.6,1.3044965189991222e-06,0.0,0.0,7.320226908225919,91.74744309100711,88.61123242267146,198.3990020751953,133.58799743652344,205.71800231933594,133.45399475097656
51.650000000000006,1.6477854768528512e-06,0.0,0.0,7.320226908225919,91.74744309100711,88.61123242267146,198.3990020751953,133.58799743652344,205.71800231933594,133.45399475097656
51.7,1.991074258881284e-06,0.0,0.0,7.320226908225919,91.74744309100711,88.61123242267146,198.3990020751953,133.58799743652344,205.71800231933594,133.45399475097656
51.75,2.3343629934000883e-06,0.0,0.0,7.320226908225919,91.74744309100711,88.61123242267146,198.3990020751953,133.58799743652344,205.71800231933594,133.45399475097656
51.800000000000004,2.677651484018641e-06,0.0,0.0,7.320226908225919,91.74744309100711,88.61123242267146,198.3990020751953,133.58799743652344,205.71800231933594,133.45399475097656
51.85,1.3731564056948148e-07,0.0,0.0,7.320226908225919,91.74744309100711,88.61123242267146,198.3990020751953,133.58799743652344,205.71800231933594,133.45399475097656
51.900000000000006,4.806036513154226e-07,0.0,0.0,7.320226908225919,91.74744309100711,88.61123242267146,198.3990020751953,133.58799743652344,205.71800231933594,133.45399475097656
51.95,8.238938106780287e-07,0.0,0.0,7.320226908225919,91.74744309100711,88.61123242267146,198.3990020751953,133.58799743652344,205.71800231933594,133.45399475097656
52.0,1.1671815978444487e-06,0.0,0.0,7.320226908225919,91.74744309100711,88.61123242267146,198.3990020751953,133.58799743652344,205.71800231933594,133.45399475097656
52.050000000000004,1.5104701519513887e-06,0.0,0.0,7.320226908225919,91.74744309100711,88.61123242267146,198.3990020751953,133.58799743652344,205.71800231933594,133.45399475097656
52.1,1.8537590043714522e-06,0.0,0.0,7.320226908225919,91.74744309100711,88.61123242267146,198.3990020751953,133.58799743652344,205.71800231933594,133.45399475097656
52.150000000000006,2.1970441223121965e-06,0.0,0.0,7.320226908225919,91.74744309100711,88.61123242267146,198.3990020751953,133.58799743652344,205.71800231933594,133.45399475097656
52.2,2.5403333263320386e-06,0.0,0.0,7.320226908225919,91.74744309100711,88.61123242267146,198.3990020751953,133.58799743652344,205.71800231933594,133.45399475097656
52.25,0.0,0.0,0.0,7.320226908225919,91.74744309100711,88.61123242267146,198.3990020751953,133.58799743652344,205.71800231933594,133.45399475097656
52.300000000000004,3.43291341207134e-07,0.0,0.0,7.320226908225919,91.74744309100711,88.61123242267146,198.3990020751953,133.58799743652344,205.71800231933594,133.45399475097656
52.35,6.865779244528866e-07,0.0,0.0,7.320226908225919,91.74744309100711,88.61123242267146,198.3990020751953,133.58799743652344,205.71800231933594,133.45399475097656
52.400000000000006,1.0298666935476473e-06,0.0,0.0,7.320226908225919,91.74744309100711,88.61123242267146,198.3990020751953,133.58799743652344,205.71800231933594,133.45399475097656
52.45,1.3731565014523689e-06,0.0,0.0,7.320226908225919,91.74744309100711,88.61123242267146,198.3990020751953,133.58799743652344,205.71800231933594,133.45399475097656
52.5,1.7164409300949202e-06,0.0,0.0,7.320226908225919,91.74744309100711,88.61123242267146,198.3990020751953,133.58799743652344,205.71800231933594,133.45399475097656
52.550000000000004,2.0597293568486814e-06,0.0,0.0,7.320226908225919,91.74744309100711,88.61123242267146,198.3990020751953,133.58799743652344,205.71800231933594,133.45399475097656
52.6,2.4030180388001367e-06,0.0,0.0,7.320226908225919,91.74744309100711,88.61123242267146,198.3990020751953,133.58799743652344,205.71800231933594,133.45399475097656
52.650000000000006,2.7463068785479067e-06,0.0,0.0,7.320226908225919,91.74744309100711,88.61123242267146,198.3990020751953,133.58799743652344,205.71800231933594,133.45399475097656
52.7,2.0597391905226327e-07,0.0,0.0,7.320226908225919,91.74744309100711,88.61123242267146,198.3990020751953,133.58799743652344,205.71800231933594,133.45399475097656
52.75,5.492646166995357e-07,0.0,0.0,7.320226908225919,91.74744309100711,88.61123242267146,198.3990020751953,133.58799743652344,205.71800231933594,133.45399475097656
52.800000000000004,8.925530989214822e-07,0.0,0.0,7.320226908225919,91.74744309100711,88.61123242267146,198.3990020751953,133.58799743652344,205.71800231933594,133.45399475097656
52.85,1.2358379551392624e-06,0.0,0.0,7.320226908225919,91.74744309100711,88.61123242267146,198.3990020751953,133.58799743652344,205.71800231933594,133.45399475097656
52.900000000000006,1.5791269498400588e-06,0.0,0.0,7.320226908225919,91.74744309100711,88.61123242267146,198.3990020751953,133.58799743652344,205.71800231933594,133.45399475097656
52.95,1.9224165993247416e-06,0.0,0.0,7.320226908225919,91.74744309100711,88.61123242267146,198.3990020751953,133.58799743652344,205.71800231933594,133.45399475097656
53.0,2.2657031237942426e-06,0.0,0.0,7.320226908225919,91.74744309100711,88.61123242267146,198.3990020751953,133.58799743652344,205.71800231933594,133.45399475097656
53.050000000000004,2.6089921181253125e-06,0.0,0.0,7.320226908225919,91.74744309100711,88.61123242267146,198.3990020751953,133.58799743652344,205.71800231933594,133.45399475097656
53.1,6.865793735611224e-08,0.0,0.0,7.320226908225919,91.74744309100711,88.61123242267146,198.3990020751953,133.58799743652344,205.71800231933594,133.45399475097656
53.150000000000006,4.119444241282754e-07,0.0,0.0,7.320226908225919,91.74744309100711,88.61123242267146,198.3990020751953,133.58799743652344,205.71800231933594,133.45399475097656
53.2,7.552340928151094e-07,0.0,0.0,7.320226908225919,91.74744309100711,88.61123242267146,198.3990020751953,133.58799743652344,205.71800231933594,133.45399475097656
53.25,1.0985221436419772e-06,0.0,0.0,7.320226908225919,91.74744309100711,88.61123242267146,198.3990020751953,133.58799743652344,205.71800231933594,133.45399475097656
53.300000000000004,1.441812805960363e-06,0.0,0.0,7.320226908225919,91.74744309100711,88.61123242267146,198.3990020751953,133.58799743652344,205.71800231933594,133.45399475097656
53.35,1.7850997273850688e-06,0.0,0.0,7.320226908225919,91.74744309100711,88.61123242267146,198.3990020751953,133.58799743652344,205.71800231933594,133.45399475097656
53.400000000000006,2.1283889391707026e-06,0.0,0.0,7.320226908225919,91.74744309100711,88.61123242267146,198.3990020751953,133.58799743652344,205.71800231933594,133.45399475097656
53.45,2.471677150178112e-06,0.0,0.0,7.320226908225919,91.74744309100711,88.61123242267146,198.3990020751953,133.58799743652344,205.71800231933594,133.45399475097656
53.5,2.8149660029998786e-06,0.0,0.0,7.320226908225919,91.74744309100711,88.61123242267146,198.3990020751953,133.58799743652344,205.71800231933594,133.45399475097656
53.550000000000004,2.746306741116318e-07,5.467788917348883,0.5467788917348722,7.420201181285194,91.74744309100711,88.71122938347499,198.3990020751953,133.58799743652344,205.8179931640625,133.45399475097656
53.6,6.179184223962684e-07,10.964865344248773,1.6432654261597495,7.570186407825869,91.74744309100711,88.86123990591295,198.3990020751953,133.58799743652344,205.96800231933594,133.45399475097656
53.650000000000006,9.612078297304932e-07,12.339651488847633,2.877230575044513,7.739134170008047,91.74744309100711,89.03023659719562,198.3990020751953,133.58799743652344,206.13699340820312,133.4550018310547
53.7,1.3044960615556606e-06,12.681153414778347,4.145345916522348,7.91611077162559,91.74744309100711,89.20724733659846,198.3990020751953,133.58799743652344,206.31399536132812,133.4550018310547
53.75,1.6477856647649972e-06,13.802397268802387,5.525585643402587,8.10808636978757,91.74744309100711,89.39925976665398,198.3990020751953,133.58799743652344,206.50599670410156,133.4550018310547
53.800000000000004,1.991073799765773e-06,14.018524623997296,6.927438105802317,8.305067790089403,91.74744309100711,89.59627506480176,198.3990020751953,133.58799743652344,206.7030029296875,133.4550018310547
53.85,2.334363037414315e-06,14.986290312466844,8.426067137049001,8.514042392705518,91.74744309100711,89.80528021446055,198.3990020751953,133.58799743652344,206.91200256347656,133.4550018310547
53.900000000000006,2.6776511787676794e-06,15.109921581055794,9.93705929515458,8.726008312782872,91.74744309100711,90.01727286172832,198.3990020751953,133.58799743652344,207.12399291992188,133.4550018310547
53.95,1.3731576859771628e-07,15.935173459003153,11.530576641054896,8.94798366682309,91.74744309100711,90.2392735483028,198.3990020751953,133.58799743652344,207.3459930419922,133.4550018310547
54.0,0.04972321880300823,15.994114919884735,13.12998813304337,9.171973739106551,91.74744321103131,90.46328783359161,198.3990020751953,133.58799743652344,207.57000732421875,133.4550018310547
54.050000000000004,0.00893607978999521,16.70216344695112,14.253425586003592,9.402937241589415,91.74744337098596,90.69427554867686,198.3990020751953,133.58799743652344,207.80099487304688,133.4550018310547
54.1,0.02285730407772804,16.710684123858023,14.828007463964516,9.636909012495938,91.74744341091642,90.9282870254609,198.3990020751953,133.58799743652344,208.03500366210938,133.45599365234375
54.150000000000006,0.009487222502629239,17.322682317394033,15.326310546819155,9.875884980930222,91.74744360090622,91.16728625395517,198.3990020751953,133.58799743652344,208.2740020751953,133.45599365234375
54.2,0.007412496457885845,17.291425966783876,15.78733780201971,10.116860740046622,91.74744360090622,91.40828453686052,198.3990020751953,133.58799743652344,208.51499938964844,133.45599365234375
54.25,0.02422162687956678,17.824923371581196,16.18959041229759,10.363833787828677,91.74744399089755,91.65527938948786,198.3990020751953,133.58799743652344,208.76199340820312,133.45599365234375
54.300000000000004,0.0075265244435839445,17.762155964492827,16.563953546347143,10.610823128733784,91.74744410091003,91.90228939912319,198.3990020751953,133.58799743652344,209.00900268554688,133.45599365234375
54.35,0.040069464564215306,18.09776136241637,16.875100651342095,10.860803893814804,91.74744429089984,92.15229022142238,198.3990020751953,133.58799743652344,209.25900268554688,133.45599365234375
54.400000000000006,0.024696354204927433,18.819380972027265,17.246046590439242,11.114798412438716,91.748436112195,92.40729550192113,198.39999389648438,133.58799743652344,209.51400756835938,133.45599365234375
54.45,0.05924990154465913,17.955486265098262,17.448077871048753,11.362755389599409,91.74843627226606,92.65528348292017,198.39999389648438,133.58799743652344,209.76199340820312,133.45700073242188
54.5,0.0461196156482409,18.43236324787635,17.691902703847912,11.61774354607547,91.74944335235018,92.91129575867083,198.4010009765625,133.58799743652344,210.01800537109375,133.45700073242188
54.550000000000004,0.08265457263743191,18.566658672103248,17.878352226363127,11.874731265932363,91.7504351736506,93.169291458059,198.40199279785156,133.58799743652344,210.2760009765625,133.45700073242188
54.6,0.07154280944012213,18.91193004134617,18.09847681811194,12.13570200925817,91.75144225373587,93.4312848942777,198.4029998779297,133.58799743652344,210.53799438476562,133.45700073242188
54.650000000000006,0.11083356978190147,18.841295007852242,18.250338087157765,12.396688677308196,91.75244933382515,93.69329357525291,198.4040069580078,133.58799743652344,210.8000030517578,133.45700073242188
54.7,0.10240236506323591,19.105319912859056,18.43172748176528,12.659674762207697,91.75444823519595,93.95829297147151,198.406005859375,133.58799743652344,211.06500244140625,133.45700073242188
54.75,0.1441058484792497,19.018775944834108,18.55111273909057,12.922661428335612,91.75644713657216,94.2232923734016,198.4080047607422,133.58799743652344,211.3300018310547,133.45700073242188
54.800000000000004,0.13819679784374736,19.265448599071373,18.701442002548426,13.187637632903952,91.75844603794238,94.49029252055777,198.41000366210938,133.58799743652344,211.5970001220703,133.45799255371094
54.85,0.1831654900968329,19.165189054840404,18.808184771790827,13.452624365297627,91.7604449393228,94.75729083888702,198.41200256347656,133.58799743652344,211.86399841308594,133.45799255371094
54.900000000000006,0.1800673267815349,19.39504874714051,18.865751549302153,13.718618621356606,91.76343566198106,95.02628806110353,198.4149932861328,133.58799743652344,212.13299560546875,133.45799255371094
54.95,0.22771116096871283,19.282585081303985,18.998461430922724,13.984598080048722,91.7654498221554,95.29429347585277,198.41700744628906,133.58799743652344,212.4010009765625,133.45799255371094
55.0,0.22844376872469957,19.500456872433084,19.1052707933784,14.251585018201771,91.76944762489259,95.56528960970593,198.42100524902344,133.58799743652344,212.6719970703125,133.45799255371094
55.050000000000004,0.2944684965527604,19.377516025020352,19.18635652867011,14.517580591606064,91.77243834756933,95.83428685064733,198.4239959716797,133.58799743652344,212.9409942626953,133.45799255371094
55.1,0.7943976223835836,19.585954613311095,19.2537589858666,14.781562479644249,91.78044921300818,96.10629006342836,198.4320068359375,133.58799743652344,213.21299743652344,133.45799255371094
55.150000000000006,1.055024181479078,19.454301681803084,19.315059653261685,15.039539582336861,91.79344970257878,96.37728807073124,198.44500732421875,133.58799743652344,213.48399353027344,133.45899963378906
55.2,1.1128618255246892,19.655218082102255,19.370049470186007,15.29653405230461,91.80844909249419,96.64929127550009,198.4600067138672,133.58799743652344,213.75599670410156,133.45899963378906
55.25,4.9759570862900885e-05,19.5165082149771,19.419822697200306,15.563538250804251,91.81343872616118,96.92129448166712,198.46499633789062,133.58799743652344,214.0279998779297,133.45899963378906
55.300000000000004,0.34110575374804125,19.711267350684665,19.464404572361637,15.834525180578511,91.8154376363838,97.19428949893702,198.4669952392578,133.58799743652344,214.30099487304688,133.45899963378906
55.35,0.3569306676496064,19.56694260488432,19.50457992736603,16.100507697585094,91.82144959930538,97.46629269631296,198.47300720214844,133.58799743652344,214.572998046875,133.45899963378906
55.400000000000006,0.2785216050775386,19.756662014291418,19.54074125408112,16.37050343671799,91.82544740224789,97.74029478687997,198.4770050048828,133.58799743652344,214.8470001220703,133.45899963378906
55.45,0.2613211773927159,19.607874231116185,19.57327016906234,16.639492403052603,91.82944520512545,98.01328979924642,198.4810028076172,133.58799743652344,215.1199951171875,133.45899963378906
55.5,0.2236924776262552,19.793345214787376,19.602559003297767,16.91149513370852,91.83243592784392,98.28830080937382,198.48399353027344,133.58799743652344,215.39500427246094,133.4600067138672
55.550000000000004,0.24844466892849731,19.641029898207346,19.628910390616465,17.181476529441916,91.83544190928939,98.5612958176144,198.48699951171875,133.58799743652344,215.66799926757812,133.4600067138672
55.6,0.2336882385023832,19.823081518377595,19.652623081123117,17.452465215486505,91.83943971203908,98.83628972219248,198.49099731445312,133.58799743652344,215.9429931640625,133.4600067138672
55.650000000000006,0.2736507799722104,19.667885786422403,19.673981491585046,17.722462332392766,91.8424456935613,99.10929998642065,198.49400329589844,133.58799743652344,216.21600341796875,133.4600067138672
55.7,0.3870579784294865,19.847165163948244,19.693176199769646,17.993466719946227,91.84743531774384,99.38530096912197,198.49899291992188,133.58799743652344,216.49200439453125,133.4600067138672
55.75,0.7126653551290415,19.68962800612044,19.710488178883978,18.25945129576832,91.85544618335703,99.65930305259906,198.5070037841797,133.58799743652344,216.76600646972656,133.4600067138672
55.800000000000004,0.9247609789765162,19.866711896882553,19.726032633503767,18.52244541186701,91.86743959249286,99.93429695386264,198.5189971923828,133.58799743652344,217.04100036621094,133.4600067138672
55.85,1.0152261779444876,19.707267605258657,19.7400651335412,18.782427061897803,91.88144716135956,100.20830083085883,198.5330047607422,133.58799743652344,217.31500244140625,133.46099853515625
55.900000000000006,1.2921300541780718,19.88251648190816,19.752650580302877,19.041423905138817,91.89844545267829,100.48430181107335,198.5500030517578,133.58799743652344,217.59100341796875,133.46099853515625
55.95,1.069480997577634,19.7215238192373,19.764015539114986,19.298422046663372,91.91544374369391,100.75830389173683,198.56700134277344,133.58799743652344,217.86500549316406,133.46099853515625
56.0,0.7869455927517712,19.89533249791007,19.774214267427254,19.562423973567643,91.927437152956,101.03430487108521,198.57899475097656,133.58799743652344,218.14100646972656,133.46099853515625
56.050000000000004,0.5811264989022942,19.733079851711548,19.783419262777677,19.827402592890554,91.93744692065272,101.30929877198625,198.58900451660156,133.58799743652344,218.41600036621094,133.46099853515625
56.1,0.46029246637384025,19.905698948015395,19.791681005741456,20.096409598105037,91.94443544800029,101.58529975063692,198.5959930419922,133.58799743652344,218.69200134277344,133.46099853515625
56.150000000000006,0.46785962689469107,19.742440377203877,19.799136464819604,20.365379974772633,91.9504474118467,101.86029549473507,198.6020050048828,133.58799743652344,218.9669952392578,133.46200561523438
56.2,0.6862473770758202,19.91408789748556,19.805828738173336,20.634387344064972,91.95743593723743,102.13629647285238,198.60899353027344,133.58799743652344,219.2429962158203,133.46200561523438
56.25,0.8623981434078316,19.750000209039527,19.81186595846524,20.899381855413438,91.9674457034884,102.41130563101505,198.61900329589844,133.58799743652344,219.51800537109375,133.46200561523438
56.300000000000004,1.1528595908504515,19.920890725387817,19.817283841315767,21.16037875748246,91.98244509411606,102.68730660872242,198.63400268554688,133.58799743652344,219.79400634765625,133.46200561523438
56.35,1.2897487397823013,19.756119829647012,19.822169063754604,21.418369844033354,91.99944338573799,102.96230050755457,198.6510009765625,133.58799743652344,220.06900024414062,133.46200561523438
56.400000000000006,1.5533289393078349,19.926435299171647,19.826560945480953,21.675369233935967,92.01844057845248,103.23830148494679,198.6699981689453,133.58799743652344,220.34500122070312,133.46200561523438
56.45,1.7636839790381884,19.761123671557637,19.830520930712986,21.927369736105284,92.04145761622951,103.51329538334281,198.6929931640625,133.58900451660156,220.6199951171875,133.46200561523438
56.5,1.9237247422945918,19.93089842438709,19.83407752336069,22.177359932412937,92.06745859302893,103.78929814257542,198.718994140625,133.58900451660156,220.89599609375,133.46299743652344
56.550000000000004,2.2616279611766834,19.765119879993893,19.837281526188924,22.42135933211265,92.0984644526026,104.06430729941343,198.75,133.58900451660156,221.17100524902344,133.46299743652344
56.6,2.31638402938857,19.93449982370942,19.84016161375833,22.667336851877977,92.12948666282489,104.34130009769159,198.781005859375,133.58799743652344,221.447998046875,133.46299743652344
56.650000000000006,2.396491100580514,19.76839512361742,19.842757088399683,22.909352863673856,92.16247616478502,104.61630925425776,198.81399536132812,133.58799743652344,221.72300720214844,133.46299743652344
56.7,2.4339531019088785,19.93745063819884,19.84509336247101,23.15132317610741,92.19648800565086,104.89229497233057,198.84800720214844,133.58799743652344,221.99899291992188,133.46299743652344
56.75,2.488143804554455,19.77102321508397,19.847195663075457,23.392332272155297,92.23048458774453,105.1673041286776,198.8820037841797,133.58799743652344,222.2740020751953,133.46299743652344
56.800000000000004,2.577754806858782,19.939826395653036,19.849089230101978,23.634317988153448,92.26548824989968,105.44429692673218,198.91700744628906,133.58799743652344,222.55099487304688,133.46299743652344
56.85,2.7036971692366194,19.773182679515674,19.850795515088844,23.872331290563373,92.30247555460151,105.71930792685593,198.95399475097656,133.58799743652344,222.8260040283203,133.46400451660156
56.900000000000006,2.851117238196841,19.94173524160403,19.852325509332083,24.110319444908964,92.34147701944595,105.99630072484169,198.9929962158203,133.58799743652344,223.10299682617188,133.46400451660156
56.95,3.0365748029365807,19.77491128029668,19.853704270205988,24.344325168996544,92.38247738566142,106.27130988087235,199.03399658203125,133.58799743652344,223.3780059814453,133.46400451660156
57.0,3.262496432765065,19.943283604184384,19.854942788185717,24.576316817063198,92.42648373334156,106.54731085752123,199.0780029296875,133.58799743652344,223.6540069580078,133.46400451660156
57.050000000000004,3.51331561477059,19.776315447001565,19.85606234488648,24.8043107679949,92.47348080370277,106.82230475464345,199.125,133.58799743652344,223.9290008544922,133.46400451660156
57.1,3.775931989210593,19.944579629020996,19.85707032541764,25.030305894575996,92.52447567680946,107.09929755254724,199.17599487304688,133.58799743652344,224.20599365234375,133.46400451660156
57.150000000000006,4.0480200489063405,19.777431226693658,19.857973935725266,25.250304439328406,92.57948361144122,107.37430670836356,199.2310028076172,133.58799743652344,224.4810028076172,133.46400451660156
57.2,4.299768311090823,19.945587266494886,19.858787598554873,25.469291153061118,92.63748226871299,107.65130128193343,199.28900146484375,133.58799743652344,224.75799560546875,133.46499633789062
57.25,4.518252117855514,19.778366765711628,19.859521953617637,25.682301384810795,92.69947872869457,107.9263104376713,199.3509979248047,133.58799743652344,225.0330047607422,133.46499633789062
57.300000000000004,4.677156031839642,19.94641466224523,19.860180780276856,25.89529639855614,92.76347409002435,108.20330323553763,199.4149932861328,133.58799743652344,225.30999755859375,133.46499633789062
57.35,4.792500097193037,19.779087730639606,19.86077128538925,26.10429369339102,92.82948361151357,108.47831239121362,199.4810028076172,133.58799743652344,225.5850067138672,133.46499633789062
57.400000000000006,4.904820271215084,19.947099581500822,19.86130771937893,26.31228395638241,92.89747677559419,108.7542981089926,199.5489959716797,133.58799743652344,225.86099243164062,133.46499633789062
57.45,5.011848200035535,19.779698834641678,19.86178647481343,26.51928244461923,92.96647701975803,109.03029908590663,199.6179962158203,133.58799743652344,226.13699340820312,133.46499633789062
57.5,5.117220392293857,19.94763859014489,19.862221973409483,26.725273898276885,93.03648434399966,109.3063000624703,199.68800354003906,133.58799743652344,226.41299438476562,133.46499633789062
57.550000000000004,5.243832301868855,19.780203510373227,19.862610779746646,26.928285371448897,93.10847531081279,109.58131106200402,199.75999450683594,133.58799743652344,226.68800354003906,133.46600341796875
57.6,5.397372259065436,19.94807117048675,19.86295993389322,27.13127097486736,93.18248043777152,109.85830385985558,199.83399963378906,133.58799743652344,226.96499633789062,133.46600341796875
57.650000000000006,5.565276436982795,19.780598324317186,19.863276643655574,27.329282293263127,93.25947628738136,110.13331301540185,199.91099548339844,133.58799743652344,227.24000549316406,133.46600341796875
57.7,5.738004287107303,19.948431654172786,19.863561082423363,27.527267604574487,93.33849271512567,110.41030581325445,199.99000549316406,133.58900451660156,227.51699829101562,133.46600341796875
57.75,5.90814048883695,19.78092275855991,19.86381668170819,27.721281184149625,93.41948636747013,110.68531496876918,200.0709991455078,133.58900451660156,227.79200744628906,133.46600341796875
57.800000000000004,6.055200671980557,19.948718324391795,19.864047047922845,27.915264273222473,93.50249417997057,110.96230776662418,200.1540069580078,133.58900451660156,228.06900024414062,133.46600341796875
57.85,6.176088448506338,19.7811750958436,19.864255784443245,28.105264882616453,93.587485635049,111.23730166332656,200.23899841308594,133.58900451660156,228.343994140625,133.46600341796875
57.900000000000006,6.301188424723656,19.948934614335453,19.864439287726707,28.2952612225334,93.6744912502846,111.51431149556551,200.3260040283203,133.58900451660156,228.62100219726562,133.4669952392578
57.95,6.443856667672812,19.78139138510434,19.864608542772977,28.481264143232643,93.7634805080981,111.78930539224541,200.4149932861328,133.58900451660156,228.89599609375,133.4669952392578
58.0,6.598368686262214,19.949150904969848,19.86475977425547,28.668258898567647,93.85349210477786,112.06631344889713,200.5050048828125,133.58900451660156,229.17300415039062,133.4669952392578
58.050000000000004,6.744924638868256,19.781535577163833,19.86489298093453,28.850248837901763,93.9464944241138,112.34130734556044,200.59800720214844,133.58900451660156,229.447998046875,133.4669952392578
58.1,6.888708686415898,19.94929509820006,19.865015373705862,29.03126224392421,94.04148038602787,112.6173083221386,200.6929931640625,133.58900451660156,229.7239990234375,133.4669952392578
58.150000000000006,7.0297929319195,19.781678053510376,19.86512334662518,29.210261527268045,94.13848050809818,112.89330929886322,200.7899932861328,133.58900451660156,230.0,133.4669952392578
58.2,7.1581686495722625,19.94940324303764,19.865220505511665,29.38724252306383,94.23749479032486,113.16931211277041,200.88900756835938,133.58900451660156,230.2760009765625,133.46800231933594
58.25,7.2955449987300325,19.781786197846223,19.865306849440294,29.563251171731547,94.33748563505169,113.44531308948326,200.98899841308594,133.58900451660156,230.552001953125,133.46800231933594
58.300000000000004,7.43828491145911,19.949511388115408,19.865386155812658,29.7362538814189,94.44048246122368,113.72131406607004,201.0919952392578,133.58900451660156,230.8280029296875,133.46800231933594
58.35,7.573645101846795,19.781894342615907,19.86545808048989,29.90724246407936,94.54448636747371,113.99630796269554,201.1959991455078,133.58900451660156,231.10299682617188,133.46800231933594
58.400000000000006,7.719480935194005,19.949583484780756,19.86552296753442,30.0782463214307,94.65048917509091,114.27331601936405,201.302001953125,133.58900451660156,231.3800048828125,133.46800231933594
58.45,7.882705209436469,19.781966438863872,19.865580472910374,30.244245351734296,94.75948270536452,114.5483099159801,201.41099548339844,133.58900451660156,231.65499877929688,133.46800231933594
58.5,8.038476807336467,19.949655581549926,19.86563094056838,30.41024439664216,94.87049039579476,114.82531797265302,201.52200317382812,133.58900451660156,231.9320068359375,133.46800231933594
58.550000000000004,8.158608893244015,19.78203853524865,19.865681236376865,30.572241775001594,94.9834817288026,115.10031365785831,201.63499450683594,133.58900451660156,232.20700073242188,133.468994140625
58.6,8.251309528460068,19.949727678584903,19.86572449441535,30.73523491061238,95.09748014188978,115.37730645574642,201.74899291992188,133.58900451660156,232.48399353027344,133.468994140625
58.650000000000006,8.328492824566734,19.782074583205354,19.865764147384844,30.895237359290455,95.2124856350581,115.6523156111365,201.86399841308594,133.58900451660156,232.75900268554688,133.468994140625
58.7,8.404021294361593,19.949763726932883,19.86580019577437,31.056231634370977,95.32848294951764,115.92930840902777,201.97999572753906,133.58900451660156,233.03599548339844,133.468994140625
58.75,8.504497318598837,19.782110631139787,19.865832639103726,31.213228148712783,95.4464944241315,116.20431756441239,202.09800720214844,133.58900451660156,233.31100463867188,133.468994140625
58.800000000000004,8.631577434206127,19.949798058880656,19.86586130618025,31.37123174745131,95.56548246124177,116.48131036230694,202.2169952392578,133.58900451660156,233.58799743652344,133.468994140625
58.85,8.785081322896577,19.78214667951272,19.86588653986993,31.525241375324676,95.68648872328052,116.75631951768622,202.33799743652344,133.58999633789062,233.86300659179688,133.468994140625
58.900000000000006,8.962309763942777,19.94983410739254,19.86591160213111,31.679228115092503,95.809489821916,117.03331414632967,202.46099853515625,133.58999633789062,234.13999938964844,133.47000122070312
58.95,9.14958125857802,19.782182727846802,19.865933231029405,31.828213867693776,95.93549690199966,117.30830804291577,202.58700561523438,133.58999633789062,234.4149932861328,133.47000122070312
59.0,9.336205607736538,19.94983410718357,19.86595108359277,31.976223074595257,96.06449470474048,117.58531609960576,202.71600341796875,133.58999633789062,234.69200134277344,133.47000122070312
59.050000000000004,9.512858146864103,19.782182727426424,19.865965502810546,32.120219257610245,96.19549140884745,117.8603099961897,202.8470001220703,133.58999633789062,234.9669952392578,133.47000122070312
59.1,9.658766074837773,19.94987015594462,19.865979750546515,32.26221656210403,96.32949409439648,118.13631097280386,202.9810028076172,133.58999633789062,235.2429962158203,133.47000122070312
59.150000000000006,9.747362255296178,19.782218776059374,19.865994169831918,32.403222060743516,96.4644886012325,118.41231194946053,203.11599731445312,133.58999633789062,235.5189971923828,133.47000122070312
59.2,9.788294064656226,19.949870155954954,19.866004812734126,32.54421230912235,96.59949836686376,118.68831292607683,203.25100708007812,133.58999633789062,235.7949981689453,133.47000122070312
59.25,9.820729471521451,19.782218775827847,19.866015627202934,32.68321531020301,96.7364917750802,118.96431568480175,203.38800048828125,133.58999633789062,236.0709991455078,133.4709930419922
59.300000000000004,9.87062542942566,19.94990620487759,19.866026441802624,32.82321377577349,96.87249336200927,119.24031666142045,203.5240020751953,133.58999633789062,236.3470001220703,133.4709930419922
59.35,9.947377796144433,19.782218775764544,19.866033651427806,32.96020628733181,97.01049385029934,119.51531055799443,203.66200256347656,133.58999633789062,236.6219940185547,133.4709930419922
59.400000000000006,10.054621565364037,19.949906204844275,19.86604086117298,33.098221138578964,97.1494861598722,119.79231861469185,203.80099487304688,133.58999633789062,236.8990020751953,133.4709930419922
59.45,10.188470274009932,19.78225482469097,19.866048070857396,33.232211324348356,97.29049622587826,120.06731251126304,203.94200134277344,133.59100341796875,237.1739959716797,133.4709930419922
59.5,10.339490281487647,19.949906205008272,19.866055280639866,33.36621313962348,97.43350159697349,120.3443205679621,204.0850067138672,133.59100341796875,237.4510040283203,133.4709930419922
59.550000000000004,10.49943838288727,19.782254824522056,19.866062490349428,33.496217184776675,97.57849061064901,120.61931446453329,204.22999572753906,133.59100341796875,237.7259979248047,133.4709930419922
59.6,10.653337999122941,19.949906205135875,19.866066095268557,33.62621765727283,97.72549378448156,120.89632435187983,204.3769989013672,133.59100341796875,238.0030059814453,133.4720001220703
59.650000000000006,10.79222582052225,19.78225482455313,19.86606970011793,33.75220869250659,97.87449585967971,121.17131824844803,204.5260009765625,133.59100341796875,238.2779998779297,133.4720001220703
59.7,10.933526339100831,19.949906205414635,19.8660733050639,33.87819973359314,98.0254968362436,121.44831104636116,204.677001953125,133.59100341796875,238.55499267578125,133.4720001220703
59.75,11.101213787431274,19.78225482469463,19.866076909950575,34.00020826090097,98.17849671417498,121.72332020171768,204.8300018310547,133.59100341796875,238.8300018310547,133.4720001220703
59.800000000000004,11.295865822775705,19.949942254570697,19.866080514919886,34.121209719625895,98.33448731476459,122.00031299963251,204.98599243164062,133.59100341796875,239.10699462890625,133.4720001220703
59.85,11.502398552476052,19.782254824986857,19.86608411984212,34.23821340497507,98.49249207551246,122.27532215498708,205.1439971923828,133.59100341796875,239.3820037841797,133.4720001220703
59.900000000000006,11.70788672267859,19.949942254837115,19.866087724841403,34.353202947089954,98.65449463899516,122.5523149529017,205.30599975585938,133.59100341796875,239.65899658203125,133.4720001220703
59.95,11.902609981329894,19.782254825027614,19.86608772487507,34.46420651092377,98.81849610384376,122.82732595220618,205.47000122070312,133.59100341796875,239.9340057373047,133.47300720214844
60.0,12.08246651380334,19.94994225508489,19.86609132988273,34.57321806235586,98.98549123669557,123.10332692883368,205.63699340820312,133.5919952392578,240.2100067138672,133.47300720214844
60.050000000000004,12.231002576413026,19.78225482546237,19.86609132997676,34.68019680084809,99.1544975843521,123.379312646687,205.80599975585938,133.5919952392578,240.48599243164062,133.47300720214844
60.1,12.357218336262243,19.949942255277726,19.866094934990947,34.78519191225888,99.32550283337596,123.65531362331537,205.9770050048828,133.5919952392578,240.76199340820312,133.47300720214844
60.150000000000006,12.502046484104243,19.782254825629494,19.866094935098587,34.88820339632827,99.4984917249786,123.93131459995607,206.14999389648438,133.5919952392578,241.03799438476562,133.47300720214844
60.2,12.670490103451478,19.949942255656673,19.866098540122792,34.98920073543282,99.67349477673677,124.20731557658443,206.3249969482422,133.5919952392578,241.31399536132812,133.47300720214844
60.25,12.849842813069044,19.782254825898743,19.866098540243204,35.08720402298666,99.85049672986177,124.48232652043343,206.5019989013672,133.5919952392578,241.58900451660156,133.4739990234375
60.300000000000004,13.051226540728717,19.949942256050054,19.866098540391143,35.18418833936244,100.03050466443243,124.75931931835215,206.6820068359375,133.5919952392578,241.86599731445312,133.4739990234375
60.35,13.295630351347905,19.782254826303916,19.86609854052285,35.27520650558771,100.21449514295071,125.03432847370289,206.86599731445312,133.5919952392578,242.14100646972656,133.4739990234375
60.400000000000006,13.578663148673249,19.949942256381693,19.866098540677307,35.365202341271626,100.40149160291956,125.3113212716225,207.05299377441406,133.5919952392578,242.41799926757812,133.4739990234375
60.45,13.85402698454141,19.78225482657341,19.866098540831885,35.44918624990649,100.59250112441505,125.58631516818323,207.24400329589844,133.5919952392578,242.6929931640625,133.4739990234375
60.5,14.108474716303075,19.94994225679279,19.866098541002675,35.53219696224745,100.7865039824867,125.8633232248919,207.43800354003906,133.59300231933594,242.97000122070312,133.4739990234375
60.550000000000004,14.384126901982572,19.782254826756965,19.866098541132136,35.60919238095742,100.98450202936817,126.13831712145192,207.63600158691406,133.59300231933594,243.2449951171875,133.4739990234375
60.6,14.674431242295027,19.949942257102368,19.8660985413146,35.683193751114125,101.1875049590623,126.41532700880579,207.83900451660156,133.59300231933594,243.52200317382812,133.47500610351562
60.650000000000006,14.951559698350016,19.78225482710086,19.866098541461735,35.75219361872766,101.39349861141093,126.69032090536558,208.0449981689453,133.59300231933594,243.7969970703125,133.47500610351562
60.7,15.212775136240866,19.94994225743689,19.866098541639758,35.819194597279854,101.60350532528065,126.96732896207426,208.2550048828125,133.59300231933594,244.07400512695312,133.47500610351562
60.75,15.457574581954894,19.782254827370803,19.86609854178696,35.88119072142735,101.81650276180474,127.24232285863428,208.46800231933594,133.59300231933594,244.3489990234375,133.47500610351562
60.800000000000004,15.697658467431747,19.94994225780473,19.86609854196243,35.94120321485507,102.03349800106258,127.51933091534296,208.68499755859375,133.59300231933594,244.62600708007812,133.47500610351562
60.85,15.940406563686533,19.78225482775733,19.86609854210777,35.99619885959157,102.2535014574453,127.79432481190275,208.90499877929688,133.593994140625,244.9010009765625,133.47500610351562
60.900000000000006,16.15820705993861,19.9499422581716,19.86609854228676,36.05018416079533,102.47650865959395,128.07131760982327,209.1280059814453,133.593994140625,245.17799377441406,133.47500610351562
60.95,16.31232289459157,19.782254828162454,19.866098542445663,36.099191869095044,102.70250658440116,128.34632855366965,209.35400390625,133.593994140625,245.4530029296875,133.4759979248047
61.0,16.410351750687674,19.949942258541633,19.86609854262055,36.148202838098776,102.9294963305049,128.62232953030224,209.58099365234375,133.593994140625,245.72900390625,133.4759979248047
61.050000000000004,16.486203642445194,19.78225482852556,19.86609854279741,36.19519965834707,103.15850023677277,128.89833050693917,209.80999755859375,133.593994140625,246.0050048828125,133.4759979248047
61.1,16.554890396693846,19.949942258977707,19.86609854298494,36.242196479252144,103.38750414304415,129.17433148357176,210.03900146484375,133.593994140625,246.281005859375,133.4759979248047
61.150000000000006,16.631066727347104,19.782254828959896,19.866098543170843,36.287197698725485,103.61850914590279,129.45033246020776,210.27000427246094,133.59500122070312,246.5570068359375,133.4759979248047
61.2,16.72200253438865,19.949942259349903,19.866098543362146,36.331188551317666,103.8505037748223,129.72631817805197,210.5019989013672,133.59500122070312,246.83299255371094,133.4759979248047
61.25,16.836950344328592,19.78225482927617,19.866098543552685,36.373195772514606,104.08350548381324,130.00132733339825,210.73500061035156,133.59500122070312,247.10800170898438,133.4759979248047
61.300000000000004,16.993874520180942,19.949942259758767,19.866098543748087,36.415184458358546,104.31850609416607,130.2783219620657,210.97000122070312,133.59500122070312,247.38499450683594,133.4770050048828
61.35,17.194754350892044,19.782254829732686,19.866098543945622,36.45319390257647,104.55550560588502,130.55333111741197,211.20700073242188,133.59500122070312,247.66000366210938,133.4770050048828
61.400000000000006,17.409422035744072,19.949942260251852,19.866098544153648,36.48918919758854,104.79650292034084,130.83032391533405,211.447998046875,133.59500122070312,247.93699645996094,133.4770050048828
61.45,17.608933822974286,19.78225483016273,19.866098544353676,36.52019489498446,105.04050621624319,131.10533307068033,211.69200134277344,133.59500122070312,248.21200561523438,133.4770050048828
61.5,17.788501873261833,19.949942260658453,19.866098544565357,36.55118854925017,105.28651041289496,131.3823258686024,211.93800354003906,133.5959930419922,248.48899841308594,133.4770050048828
61.550000000000004,17.953562785490817,19.782254830495024,19.866098544762302,36.578196462884584,105.53451151152873,131.6573350239487,212.18600463867188,133.5959930419922,248.76400756835938,133.4770050048828
61.6,18.098323055144565,19.949942260832827,19.866098544947814,36.604197302288846,105.78550336772297,131.9343278218735,212.43699645996094,133.5959930419922,249.04100036621094,133.4770050048828
61.650000000000006,18.22507533198377,19.782254830942446,19.866098545146066,36.62718896802822,106.0375022988208,132.20932350702728,212.68899536132812,133.5959930419922,249.3159942626953,133.47799682617188
61.7,18.369326534620456,19.949942261202068,19.866098545331283,36.65019910304621,106.2915001061818,132.48633156374024,212.9429931640625,133.5959930419922,249.59300231933594,133.47799682617188
61.75,18.543818438336764,19.782254831357704,19.866098545539437,36.668189122188394,106.54850389054303,132.76132546029746,213.1999969482422,133.5959930419922,249.8679962158203,133.47799682617188
61.800000000000004,18.728606757799938,19.949942261917702,19.86609854575533,36.686194400076566,106.8075065762533,133.03833351700882,213.45899963378906,133.5959930419922,250.14500427246094,133.47799682617188
61.85,18.91681460435531,19.782254831765858,19.86609854595865,36.699194820935645,107.06949998502365,133.31332741356627,213.7209930419922,133.5959930419922,250.4199981689453,133.47799682617188
61.900000000000006,19.134613436369964,19.94994226237101,19.86609854617057,36.711191417809786,107.33350947486252,133.58932839019977,213.98500061035156,133.5970001220703,250.6959991455078,133.47799682617188
61.95,19.38603731949391,19.78225483220229,19.866098546374523,36.7191837310596,107.60151484654871,133.8653312041597,214.2530059814453,133.5970001220703,250.9720001220703,133.47900390625
62.0,19.636202909296493,19.949942262755457,19.866098546584222,36.72418858797027,107.87251094073231,134.14133218079297,214.5240020751953,133.5970001220703,251.2480010986328,133.47900390625
62.050000000000004,19.870273529936345,19.78225483263935,19.866098546798657,36.72519566272158,108.14750483752444,134.41733315742806,214.7989959716797,133.5970001220703,251.5240020751953,133.47900390625
62.1,20.123930707342442,19.94994226325861,19.866098547041236,36.723196771644446,108.42550471565927,134.69333413406156,215.07699584960938,133.5970001220703,251.8000030517578,133.47900390625
62.150000000000006,20.405270020523865,19.782254832958554,19.86609854724285,36.71619302353827,108.70750239644053,134.96832803061878,215.35899353027344,133.5970001220703,252.0749969482422,133.47900390625
62.2,20.69654682419629,19.949942263565163,19.866098547479158,36.707193635594315,108.99351491171504,135.24533608732992,215.64500427246094,133.59800720214844,252.3520050048828,133.47900390625
62.25,20.9815579938269,19.782254833451727,19.86609854768856,36.692194324740775,109.2835081978823,135.52032998388714,215.93499755859375,133.59800720214844,252.6269989013672,133.47900390625
62.300000000000004,21.247166282893293,19.949942264121624,19.866098547908955,36.67619999320822,109.5765074654823,135.7973398161907,216.22799682617188,133.59800720214844,252.9040069580078,133.47999572753906
62.35,21.474974717411236,19.782254833773383,19.866098548109704,36.6541969332993,109.87350453581215,136.07233371274793,216.52499389648438,133.59800720214844,253.1790008544922,133.47999572753906
62.400000000000006,21.6713914177198,19.949942264424063,19.866098548315012,36.631186798744,110.17350758758833,136.34932651067024,216.8249969482422,133.59800720214844,253.45599365234375,133.47999572753906
62.45,21.86877802661925,19.782254834178598,19.866098548512642,36.60318706617822,110.4765166208068,136.62433566601675,217.1280059814453,133.59800720214844,253.7310028076172,133.47999572753906
62.5,22.065158623110936,19.949942264858294,19.866098548722924,36.575187333904644,110.78150929659974,136.90132846393996,217.43299865722656,133.59800720214844,254.00799560546875,133.47999572753906
62.550000000000004,22.25372693160143,19.782254834640767,19.866098548923066,36.54220122028695,111.0895095507686,137.17633761928624,217.74099731445312,133.5989990234375,254.2830047607422,133.47999572753906
62.6,22.443591290782415,19.949942265336773,19.866098549130882,36.50818956001288,111.40051418944704,137.45333041720923,218.052001953125,133.5989990234375,254.55999755859375,133.47999572753906
62.650000000000006,22.656350138073964,19.782290883915092,19.866102154226535,36.470192105041235,111.71351772948927,137.72834141650665,218.36500549316406,133.5989990234375,254.8350067138672,133.4810028076172
62.7,22.886318050177664,19.949942265682104,19.86610215443823,36.430183769781586,112.03051907226353,138.00533421442873,218.6820068359375,133.5989990234375,255.11199951171875,133.4810028076172
62.75,23.12723110711766,19.782254835393324,19.86610215463239,36.385185837132184,112.35051113769327,138.28032811098595,219.0019989013672,133.5989990234375,255.38699340820312,133.4810028076172
62.800000000000004,23.355326225580008,19.94994226615833,19.86610215483606,36.33919608907285,112.67350918456827,138.55733616769822,219.3249969482422,133.5989990234375,255.66400146484375,133.4810028076172
62.85,23.563766109841346,19.78225483584524,19.866102155043244,36.28818622649644,112.99951321288862,138.83233006425567,219.6510009765625,133.5989990234375,255.93899536132812,133.4810028076172
62.900000000000006,23.762558611747323,19.94994226658514,19.86610215525935,36.23519602612873,113.32850950523935,139.10833104089008,219.97999572753906,133.60000610351562,256.2149963378906,133.4810028076172
62.95,23.947166722193987,19.782254836350695,19.86610215547656,36.179196572706914,113.66051023766187,139.38433201752517,220.31199645996094,133.60000610351562,256.4909973144531,133.4810028076172
63.0,24.129290883309462,19.94994226707863,19.866102155698595,36.12119497577341,113.99450987145173,139.66033477622966,220.64599609375,133.60000610351562,256.7669982910156,133.48199462890625
63.050000000000004,24.295107276255294,19.782254836722924,19.86610215590681,36.061197737882324,114.3305084066091,139.93633575286475,220.98199462890625,133.60000610351562,257.0429992675781,133.48199462890625
63.1,24.46553096287025,19.949942267514622,19.866102156124594,35.99819453583019,114.6695129232118,140.21233672949893,221.3209991455078,133.60000610351562,257.3190002441406,133.48199462890625
63.150000000000006,24.65863456909963,19.782254837158842,19.866098551448967,35.931193553726466,115.01150816247015,140.48733062605615,221.66299438476562,133.60000610351562,257.593994140625,133.48199462890625
63.2,24.85670779514446,19.949942267904756,19.866098551671236,35.86419257303601,115.35551756188428,140.7643386827682,222.0070037841797,133.60000610351562,257.8710021972656,133.48199462890625
63.25,25.04199912191684,19.782254837569482,19.86609855188885,35.793197096442334,115.70151202544767,141.03933257932542,222.35299682617188,133.6009979248047,258.14599609375,133.48199462890625
63.300000000000004,25.23067559972835,19.949942268099086,19.866098552082924,35.72019945388342,116.05151812896332,141.3163406360402,222.7030029296875,133.6009979248047,258.4230041503906,133.48199462890625
63.35,25.42568637755318,19.782254838112873,19.866098552309687,35.643200684313214,116.40350787505707,141.59133637665087,223.05499267578125,133.6009979248047,258.697998046875,133.48300170898438
63.400000000000006,25.619907518964112,19.949942268624145,19.866098552513588,35.56519818302655,116.7585188613852,141.86834443336565,223.41000366210938,133.6009979248047,258.9750061035156,133.48300170898438
63.45,25.82877996084717,19.782254838567617,19.86609855273528,35.48319790292728,117.11551349029152,142.1433383299231,223.76699829101562,133.6009979248047,259.25,133.48300170898438
63.5,26.030847751689457,19.949942269303506,19.86609855295777,35.399202105952504,117.47652258541206,142.42034638663537,224.1280059814453,133.6020050048828,259.5270080566406,133.48300170898438
63.550000000000004,26.207679592554577,19.782254838918263,19.866098553177302,35.31120516788429,117.83951391841987,142.6953402831926,224.49099731445312,133.6020050048828,259.802001953125,133.48300170898438
63.6,26.378355643286614,19.949942269699932,19.866098553395833,35.22320823236934,118.20451941158413,142.97234833990464,224.8560028076172,133.6020050048828,260.0790100097656,133.48300170898438
63.650000000000006,26.574806650498495,19.782290888174238,19.866102158497373,35.130206445199136,118.57251562740451,143.24734223646186,225.2239990234375,133.6020050048828,260.35400390625,133.48300170898438
63.7,26.80877082990082,19.949942270140138,19.86610215872091,35.036209490592135,118.9435178246703,143.52435206876544,225.59500122070312,133.6020050048828,260.6310119628906,133.48399353027344
63.75,27.069735735689854,19.782290888652625,19.86610576382922,34.936207320338056,119.31851913628194,143.79934596532266,225.97000122070312,133.60299682617188,260.906005859375,133.48399353027344
63.800000000000004,27.343947694918477,19.949942270519067,19.86610576407122,34.83420290900841,119.69652511772992,144.07534694195684,226.34800720214844,133.60299682617188,261.1820068359375,133.48399353027344
63.85,27.618412006690857,19.782290889143002,19.866109369174236,34.72821598053363,120.07851364312373,144.35134791859193,226.72999572753906,133.60299682617188,261.4580078125,133.48399353027344
63.900000000000006,27.873111255899776,19.949942271018564,19.866109369413678,34.618216018108356,120.46451523004008,144.62734889522633,227.11599731445312,133.60299682617188,261.7340087890625,133.48399353027344
63.95,28.106787125235574,19.782254840579256,19.866109369614843,34.505210096173165,120.85352279840014,144.90334987186165,227.5050048828125,133.60299682617188,262.010009765625,133.48399353027344
64.0,28.34226371290574,19.949942271430526,19.866109369827548,34.38921347395593,121.24552238305502,145.1793526858209,227.89700317382812,133.60400390625,262.2860107421875,133.48500061035156
64.05,28.57147640637611,19.782254841029488,19.866109370038668,34.26821200371607,121.64151847680505,145.45434658237812,228.29299926757812,133.60400390625,262.5610046386719,133.48500061035156
64.10000000000001,28.789599706097476,19.949942271854514,19.86610937025413,34.14722579739284,122.03951347192225,145.73135463909017,228.6909942626953,133.60400390625,262.8380126953125,133.48500061035156
64.15,28.982020142020556,19.782254841462642,19.86610576558297,34.02021241139386,122.44152152856314,146.0063485356474,229.09300231933594,133.60400390625,263.1130065917969,133.48500061035156
64.2,29.137610602971353,19.949942272317752,19.866105765800732,33.89322954865301,122.84551322778341,146.28335659235944,229.4969940185547,133.60400390625,263.3900146484375,133.48500061035156
64.25,29.27250553179464,19.78225484192874,19.866102161128342,33.76322898061923,123.25051322154142,146.55835048891666,229.90199279785156,133.60499572753906,263.6650085449219,133.48500061035156
64.3,29.404767144294304,19.94994227278302,19.86610216135474,33.6322025896976,123.65851798228772,146.8353280280515,230.30999755859375,133.60499572753906,263.9419860839844,133.48500061035156
64.35000000000001,29.550208903478936,19.782254842495696,19.866098556690005,33.49722066593444,124.06852164440038,147.11035423058493,230.72000122070312,133.60499572753906,264.2170104980469,133.48599243164062
64.4,29.713036531133643,19.9499422731735,19.8660985569055,33.36320357076129,124.4795171278005,147.38733176971976,231.13099670410156,133.60499572753906,264.4939880371094,133.48599243164062
64.45,29.89580781088618,19.782254842943573,19.86609855714193,33.223220334116135,124.89452567272284,147.6623561838551,231.54600524902344,133.60499572753906,264.7690124511719,133.48599243164062
64.5,30.098450634254696,19.949942273640914,19.866098557362967,33.083210225615694,125.31151907632332,147.93933372298994,231.96299743652344,133.6060028076172,265.0459899902344,133.48599243164062
64.55,30.303867532637653,19.7822548434156,19.86609855760158,32.93922924346392,125.73052542397978,148.2143581371253,232.3820037841797,133.6060028076172,265.3210144042969,133.48599243164062
64.60000000000001,30.48699936358224,19.949942274145826,19.866098557830707,32.793218864378964,126.15351431558152,148.49133567626012,232.80499267578125,133.6060028076172,265.5979919433594,133.48599243164062
64.65,30.639029582567165,19.78229089267681,19.866102162952124,32.643210718209126,126.57851736733934,148.76632957281734,233.22999572753906,133.6060028076172,265.87298583984375,133.48599243164062
64.7,30.76016758819654,19.94994227452918,19.866102163173267,32.494205950804584,127.00452749917582,149.04333946017547,233.656005859375,133.6060028076172,266.1499938964844,133.48699951171875
64.75,30.85463280111443,19.78225484432293,19.866102163412684,32.34121076847148,127.43252242280033,149.3183333567327,234.08399963378906,133.60699462890625,266.42498779296875,133.48699951171875
64.8,30.91910872276708,19.949942275023318,19.866102163636715,32.188211948692796,127.86152327729643,149.59433433336778,234.51300048828125,133.60699462890625,266.70098876953125,133.48699951171875
64.85000000000001,30.953595358084343,19.782290893622115,19.866105768749357,32.03422132461886,128.29151595308377,149.87033531000287,234.9429931640625,133.60699462890625,266.97698974609375,133.48699951171875
64.9,30.95931838169378,19.949942275473532,19.86610576897936,31.88021545231717,128.7215238876626,150.14633628663796,235.3730010986328,133.60699462890625,267.25299072265625,133.48699951171875
64.95,30.944270349481204,19.782290894055286,19.86610937409053,31.726224849166933,129.15151656345392,150.42233726327305,235.80299377441406,133.60699462890625,267.52899169921875,133.48699951171875
65.0,30.92170009446422,19.94994227590212,19.86610937431665,31.57322991440485,129.58051860001567,150.69833823990814,236.23199462890625,133.60800170898438,267.80499267578125,133.48699951171875
65.05,30.900818989373782,19.782290894483864,19.866112979423473,31.41821315781462,130.0105265345945,150.97333398051882,236.66200256347656,133.60800170898438,268.0799865722656,133.48800659179688
65.10000000000001,30.888184505795035,19.94994227639022,19.866112979647916,31.266221473934078,130.43952738909238,151.25034203723177,237.09100341796875,133.60800170898438,268.35699462890625,133.48800659179688
65.15,30.885520139017594,19.782290894921047,19.86611297987234,31.11221565569805,130.868528243588,151.525335933789,237.52000427246094,133.60800170898438,268.6319885253906,133.48800659179688
65.2,30.889873313311366,19.949942276835895,19.86611298010301,30.960223993896584,131.2975290980818,151.80234399050195,237.94900512695312,133.60800170898438,268.90899658203125,133.48800659179688
65.25,30.897254613222824,19.782254846452652,19.866112980315982,30.806222077632153,131.72653109908538,152.07733788705917,238.3780059814453,133.60899353027344,269.1839904785156,133.48800659179688
65.3,30.903842856726538,19.94994227726771,19.866112980540425,30.65423045780517,132.1555319535779,152.35434594377213,238.8070068359375,133.60899353027344,269.46099853515625,133.48800659179688
65.35000000000001,30.904992887135712,19.78225484690546,19.86610937586876,30.50023996401297,132.5845175492812,152.62933984032935,239.23599243164062,133.60899353027344,269.7359924316406,133.48800659179688
65.4,30.896210603975668,19.949942277714865,19.86610937609289,30.3472373579873,133.01452548385168,152.90634967263384,239.66600036621094,133.60899353027344,270.01300048828125,133.48899841308594
65.45,30.873819015757693,19.782254847353222,19.866105771422685,30.194238682141282,133.44251925826612,153.18134356919106,240.093994140625,133.60899353027344,270.2879943847656,133.48899841308594
65.5,30.836520349023804,19.949942278144697,19.866105771646943,30.042247090648246,133.87152011275893,153.45835162590402,240.5229949951172,133.60899353027344,270.56500244140625,133.48899841308594
65.55,30.786120487575083,19.78225484780147,19.866102166978703,29.889237240779227,134.29953033076166,153.73334552246124,240.9510040283203,133.61000061035156,270.8399963378906,133.48899841308594
65.60000000000001,30.722365367055062,19.949942278573484,19.866102167197027,29.739244579664962,134.7265322838882,154.0103535791742,241.3780059814453,133.61000061035156,271.11700439453125,133.48899841308594
65.65,30.641365140417324,19.78225484824976,19.866098562529896,29.58824485935274,135.15252715693714,154.2853474757314,241.8040008544922,133.61000061035156,271.3919982910156,133.48899841308594
65.7,30.543840784873144,19.94994227901557,19.866098562747865,29.439244036473124,135.57753020869782,154.5613484523665,242.22900390625,133.61000061035156,271.6679992675781,133.48899841308594
65.75,30.4360201739748,19.7822548486514,19.866098562967743,29.292253226445837,136.00051910030257,154.83735126632644,242.65199279785156,133.61000061035156,271.9440002441406,133.49000549316406
65.8,30.324350919332986,19.949942279424995,19.86609856318347,29.146243105193523,136.4225314294072,155.11335224296153,243.07400512695312,133.61000061035156,272.2200012207031,133.49000549316406
65.85000000000001,30.21433305856786,19.782254849158058,19.86609856340873,29.00224713919248,136.84252959835513,155.38935321959661,243.49400329589844,133.61000061035156,272.4960021972656,133.49000549316406
65.9,30.109465035412423,19.9499422798945,19.866098563626696,28.85926239784526,137.26152186112498,155.6653541962317,243.91299438476562,133.61099243164062,272.7720031738281,133.49000549316406
65.95,30.011545885512437,19.782254849528385,19.86609856384421,28.71725010216001,137.67852930741495,155.94034809278892,244.3300018310547,133.61099243164062,273.0469970703125,133.49000549316406
66.0,29.922048461437267,19.949942280343905,19.866098564064135,28.578259032161448,138.09452967362623,156.21735614950188,244.74600219726562,133.61099243164062,273.3240051269531,133.49000549316406
66.05,29.843424086581436,19.782290898860648,19.866102169170052,28.438256700972047,138.5095229597591,156.49235183465566,245.16099548339844,133.61099243164062,273.5989990234375,133.49099731445312
66.10000000000001,29.774124371170117,19.949942280769832,19.866102169389688,28.301264518236735,138.92352442460287,156.76935989136862,245.5749969482422,133.61099243164062,273.8760070800781,133.49099731445312
66.15,29.70590613478625,19.78229089930419,19.866105774495132,28.163250017772317,139.33653406815765,157.04435378792584,245.98800659179688,133.61099243164062,274.1510009765625,133.49099731445312
66.2,29.631817089991262,19.949942281230634,19.866105774716637,28.028272000842744,139.74852137284526,157.3213618446388,246.39999389648438,133.61099243164062,274.4280090332031,133.49099731445312
66.25,29.547685857098998,19.78225485090629,19.866105774942127,27.892256407708537,140.1595321150328,157.59635574119602,246.81100463867188,133.61099243164062,274.7030029296875,133.49099731445312
66.3,29.446525812051753,19.949942281646265,19.866105775164254,27.760269109587327,140.56852869706404,157.87336379790898,247.22000122070312,133.61099243164062,274.9800109863281,133.49099731445312
66.35000000000001,29.322830062242332,19.782290900205666,19.866109380269016,27.627259493900485,140.9765334578066,158.1483576944662,247.6280059814453,133.61099243164062,275.2550048828125,133.49099731445312
66.4,29.18116822509798,19.949942282115433,19.86610938049111,27.497271101820694,141.38353238443545,158.42536758182433,248.03500366210938,133.61199951171875,275.5320129394531,133.49200439453125
66.45,29.026583710621463,19.782290900642348,19.866112985602506,27.36827453313318,141.78752408365597,158.70036147838155,248.43899536132812,133.61199951171875,275.8070068359375,133.49200439453125
66.5,28.866420198778293,19.949942282548633,19.86611298582298,27.2442828104563,142.1885250602208,158.9773695350945,248.83999633789062,133.61199951171875,276.0840148925781,133.49200439453125
66.55,28.7185682354441,19.782290901071654,19.86611298604408,27.119268769803686,142.58853421549608,159.25236343165173,249.24000549316406,133.61199951171875,276.3590087890625,133.49200439453125
66.60000000000001,28.61125240500113,19.949942283037917,19.86611298627089,26.998252503742897,142.98652921061372,159.52934097078656,249.63800048828125,133.61199951171875,276.635986328125,133.49200439453125
66.65,28.54890158084737,19.782290901514223,19.866112986491892,26.876274954208704,143.38353238444196,159.8043653849219,250.03500366210938,133.61199951171875,276.9110107421875,133.49200439453125
66.7,28.51351363801895,19.949942283480418,19.86611298671687,26.75628103840701,143.77952847819375,160.080366361557,250.43099975585938,133.61199951171875,277.18701171875,133.49200439453125
66.75,28.494000961525575,19.782290901964085,19.86611659182265,26.636282683727742,144.1755245719473,160.3563691202624,250.82699584960938,133.61199951171875,277.4630126953125,133.4929962158203
66.8,28.481112717862754,19.949942283873554,19.86611659204538,26.517280580891054,144.57052884441282,160.6323700968975,251.2220001220703,133.61199951171875,277.739013671875,133.4929962158203
66.85000000000001,28.462537342741648,19.782290902456005,19.866116592270412,26.39728667753245,144.96652493816705,160.90837107353258,251.6179962158203,133.61199951171875,278.0150146484375,133.4929962158203
66.9,28.423693915940177,19.94994228436451,19.86611659249532,26.278258659123704,145.36153049442493,161.18434153258954,252.01300048828125,133.61300659179688,278.2909851074219,133.4929962158203
66.95,28.359720972557945,19.782254854001607,19.866112987831247,26.159287127110076,145.75552768680848,161.4593659467249,252.40699768066406,133.61300659179688,278.5660095214844,133.4929962158203
67.0,28.27202612333258,19.94994228483282,19.866112988059665,26.043260521568907,146.14853305790223,161.73634348585972,252.8000030517578,133.61300659179688,278.8429870605469,133.4929962158203
67.05,28.163522458626908,19.78229090329514,19.866112988282016,25.926287892143907,146.54053134891828,162.01136789999507,253.19200134277344,133.61300659179688,279.1180114746094,133.4929962158203
67.10000000000001,28.03302208383244,19.94994228529867,19.86611298850809,25.8132625952983,146.93053073856817,162.28834726997678,253.58200073242188,133.61300659179688,279.3949890136719,133.49400329589844
67.15,27.888409404218,19.78225485481801,19.86610938383847,25.70028772689525,147.3185312268523,162.56337168411213,253.97000122070312,133.61300659179688,279.6700134277344,133.49400329589844
67.2,27.757586269907204,19.949942285721797,19.866109384062604,25.59027304227682,147.70552463505814,162.84034922324696,254.35699462890625,133.61300659179688,279.9469909667969,133.49400329589844
67.25,27.64940527857819,19.782254855278502,19.866105779394047,25.481270088247665,148.0895286014669,163.11534311980418,254.74099731445312,133.61399841308594,280.22198486328125,133.49400329589844
67.3,27.557389650146437,19.949942286171648,19.866105779623858,25.37528371956288,148.47252420693596,163.39235117651714,255.12399291992188,133.61399841308594,280.4989929199219,133.49400329589844
67.35000000000001,27.479414222674873,19.782254855730397,19.866102174951298,25.268275033371047,148.85452799111565,163.66734507307436,255.50599670410156,133.61399841308594,280.77398681640625,133.49400329589844
67.4,27.411158273361306,19.949942286624655,19.86610217517731,25.163280494724198,149.23653177529553,163.94435312978732,255.88800048828125,133.61399841308594,281.0509948730469,133.49400329589844
67.45,27.349921566663777,19.782254856242076,19.86610217540136,25.058265977506906,149.61653665810852,164.2193488149411,256.26800537109375,133.61399841308594,281.32598876953125,133.4949951171875
67.5,27.28613054801325,19.949942287092174,19.866102175627294,24.95627738627899,149.99553446084352,164.49635687165406,256.6470031738281,133.61399841308594,281.6029968261719,133.4949951171875
67.55,27.21074552049798,19.782290905531145,19.86610217585089,24.853281735922653,150.3735251835001,164.77135076821128,257.0249938964844,133.61399841308594,281.87799072265625,133.4949951171875
67.60000000000001,27.129817536747233,19.949942287540075,19.86610217607503,24.751267509132553,150.75154776520483,165.04735174484637,257.40301513671875,133.61500549316406,282.15399169921875,133.4949951171875
67.65,27.042014510832594,19.782290905974065,19.866105781190637,24.651293103120235,151.12752432770486,165.32335272148146,257.77899169921875,133.61500549316406,282.42999267578125,133.4949951171875
67.7,26.942186597521857,19.949942287943866,19.866105781412845,24.552295257622223,151.5025243277049,165.59935369811654,258.15399169921875,133.61500549316406,282.70599365234375,133.4949951171875
67.75,26.83137748071802,19.782290906501242,19.86610938653512,24.455281040278244,151.875540685127,165.87535467475163,258.5270080566406,133.61500549316406,282.98199462890625,133.4949951171875
67.8,26.711066915616573,19.949942288419166,19.866109386759867,24.360276027445597,152.24654288239313,166.15135748871157,258.89801025390625,133.61500549316406,283.25799560546875,133.49600219726562
67.85000000000001,26.5833388465306,19.78229090690095,19.866112991876925,24.26527594472942,152.61653799958148,166.4263513852688,259.26800537109375,133.61500549316406,283.5329895019531,133.49600219726562
67.9,26.451722642640732,19.949942288849787,19.86611299209944,24.173297074651106,152.98552603669182,166.70335944198175,259.6369934082031,133.61500549316406,283.80999755859375,133.49600219726562
67.95,26.319781994429242,19.782290907354646,19.866116597210695,24.082299685093293,153.3515246950186,166.97835333853897,260.00299072265625,133.61599731445312,284.0849914550781,133.49600219726562
68.0,26.190327004197226,19.949942289321577,19.866116597433635,23.99529515387713,153.71553836689426,167.25536139525192,260.36700439453125,133.61599731445312,284.36199951171875,133.49600219726562
68.05,26.06504681935807,19.782254858900384,19.86611299277056,23.907283563085524,154.0785449586916,167.53035529180914,260.7300109863281,133.61599731445312,284.6369934082031,133.49600219726562
68.10000000000001,25.95294164991444,19.949942289827334,19.866112992999284,23.823295274694704,154.4395373903323,167.80736512411363,261.09100341796875,133.61599731445312,284.91400146484375,133.4969940185547
68.15,25.852358386211364,19.78225485932414,19.866109388334294,23.738304883760243,154.7995227418948,168.08235902067085,261.45098876953125,133.61599731445312,285.1889953613281,133.4969940185547
68.2,25.746374692011145,19.9499422902446,19.866109388564368,23.657312252692506,155.15752445087924,168.3593670773838,261.8089904785156,133.61599731445312,285.46600341796875,133.4969940185547
68.25,25.641002103299066,19.782254859793632,19.86610578389361,23.575312561319933,155.51451907978552,168.63436097394103,262.1659851074219,133.61599731445312,285.7409973144531,133.4969940185547
68.3,25.53393864568228,19.949942290689666,19.866105784120656,23.4973157507307,155.86953149453183,168.911369030654,262.52099609375,133.61700439453125,286.01800537109375,133.4969940185547
68.35000000000001,25.41233031366271,19.782254860247466,19.866102179455307,23.419313841780024,156.2225283207037,169.1863629272112,262.8739929199219,133.61700439453125,286.2929992675781,133.4969940185547
68.4,25.278230182385734,19.949942291155978,19.866102179685925,23.344302622854872,156.57454858437566,169.46337098392416,263.22601318359375,133.61700439453125,286.57000732421875,133.4969940185547
68.45,25.13430242073485,19.782254860677163,19.866098575018178,23.26931675522352,156.92452417031348,169.73836672453484,263.57598876953125,133.61700439453125,286.8450012207031,133.4980010986328
68.5,24.984541598789374,19.949942291586794,19.8660985752447,23.198303282492326,157.27254663125157,170.0153747812478,263.92401123046875,133.61700439453125,287.12200927734375,133.4980010986328
68.55,24.833161968982942,19.78229090996653,19.866102180351312,23.127320332581537,157.61852441445544,170.29036867780502,264.2699890136719,133.61700439453125,287.3970031738281,133.4980010986328
68.60000000000001,24.68988308626407,19.94994229203408,19.866102180571986,23.060304620834053,157.96154199258098,170.5663696544401,264.6130065917969,133.61700439453125,287.6730041503906,133.4980010986328
68.65,24.56939054553946,19.782254861512467,19.86610218079082,22.994331652356585,158.30352341130273,170.8423706310752,264.9549865722656,133.6179962158203,287.9490051269531,133.4980010986328
68.7,24.481371194453544,19.949942292437047,19.866102181010064,22.92933009859085,158.64452682927163,171.1183716077103,265.2959899902344,133.6179962158203,288.2250061035156,133.4980010986328
68.75,24.43007023851967,19.782254862057513,19.866102181236453,22.866312165064443,158.98354660466373,171.39437258434538,265.635009765625,133.6179962158203,288.5010070800781,133.4980010986328
68.8,24.417614568735846,19.949942292889563,19.866102181456444,22.802312489622594,159.32354294255884,171.67037534305078,265.9750061035156,133.6179962158203,288.7770080566406,133.49899291992188
68.85000000000001,24.436839031272008,19.78225486246619,19.866102181678315,22.738318002253248,159.66253220037984,171.945369239608,266.3139953613281,133.6179962158203,289.052001953125,133.49899291992188
68.9,24.471794568903857,19.949942293319427,19.86610218189466,22.67630713515763,160.0015519757816,172.22237729632096,266.65301513671875,133.6179962158203,289.3290100097656,133.49899291992188
68.95,24.513915264062337,19.78225486289605,19.86610218211655,22.6103290424382,160.34252487618357,172.49737119287818,266.9939880371094,133.6179962158203,289.60400390625,133.49899291992188
69.0,24.55556732646447,19.94994229381002,19.86610218233887,22.546339908103537,160.68352978125563,172.77437924959114,267.3349914550781,133.61900329589844,289.8810119628906,133.49899291992188
69.05,24.58724757298668,19.782254863294664,19.866098577671686,22.48033132445402,161.0245331992311,173.04937314614835,267.6759948730469,133.61900329589844,290.156005859375,133.49899291992188
69.10000000000001,24.606436009913907,19.949942294216925,19.866098577889968,22.415329812053056,161.36654369728188,173.3263812028613,268.01800537109375,133.61900329589844,290.4330139160156,133.49899291992188
69.15,24.620871107612764,19.78225486379678,19.866098578118404,22.349315854323073,161.70754711525228,173.601376943472,268.3590087890625,133.61900329589844,290.7080078125,133.5
69.2,24.63494741463556,19.949942294662286,19.866098578340928,22.284314337148068,162.0495270957218,173.87835448260682,268.70098876953125,133.61900329589844,290.9849853515625,133.5
69.25,24.650536041854206,19.782254864259624,19.86609857856114,22.21632748043583,162.3925461077495,174.15337889674217,269.04400634765625,133.6199951171875,291.260009765625,133.5
69.3,24.664323937456928,19.949942295119033,19.866098578784083,22.151325990028063,162.73452608821842,174.430356435877,269.385986328125,133.6199951171875,291.5369873046875,133.5
69.35000000000001,24.667851614733998,19.782290913541974,19.866102183891662,22.083333826618045,163.07754366634344,174.70538085001235,269.72900390625,133.6199951171875,291.81201171875,133.5
69.4,24.655467984566936,19.949942295570786,19.866102184116798,22.018301830587806,163.41955416439035,174.98235838914718,270.0710144042969,133.6199951171875,292.0889892578125,133.5
69.45,24.624579229579943,19.782290913996185,19.86610578922681,21.9503401964421,163.7625412249376,175.25738280328252,270.41400146484375,133.6199951171875,292.364013671875,133.5
69.5,24.57482833150987,19.949942296003865,19.866105789446195,21.885333230698574,164.10354464290745,175.53338561724246,270.7550048828125,133.6199951171875,292.6400146484375,133.50100708007812
69.55,24.507615964124838,19.782290914426238,19.866109394559352,21.820306750649248,164.44454954797212,175.80935607629942,271.09600830078125,133.62100219726562,292.9159851074219,133.50100708007812
69.60000000000001,24.42564414087294,19.949942296528803,19.866109394790538,21.75631235987268,164.78454588586578,176.0853570529345,271.4360046386719,133.62100219726562,293.1919860839844,133.50100708007812
69.65,24.334311610591215,19.782254865946427,19.866109395005502,21.69433210407671,165.122528063604,176.3613580295696,271.77398681640625,133.62100219726562,293.4679870605469,133.50100708007812
69.7,24.239523529998905,19.94994229692076,19.86610939523135,21.633328401261725,165.45953367884198,176.6373590062047,272.1109924316406,133.62100219726562,293.7439880371094,133.50100708007812
69.75,24.14613963756166,19.78229091530253,19.86611300033564,21.57235522076075,165.79553221400118,176.91238342034003,272.4469909667969,133.62100219726562,294.0190124511719,133.50100708007812
69.8,24.057723628052663,19.949942297372086,19.866113000560947,21.514311687604128,166.13055565478308,177.18936273526202,272.7820129394531,133.6219940185547,294.2959899902344,133.5019989013672
69.85000000000001,23.98194361838431,19.782254866871472,19.866109395893897,21.456359710539367,166.46353294970595,177.46438714939737,273.114990234375,133.6219940185547,294.5710144042969,133.5019989013672
69.9,23.93021168396981,19.94994229782089,19.866109396118908,21.400330315653544,166.7965407622061,177.7413646885322,273.447998046875,133.6219940185547,294.8479919433594,133.5019989013672
69.95,23.909871495507648,19.782290916185463,19.866109396337837,21.34332437823283,167.12854149462814,178.01635858508942,273.7799987792969,133.6219940185547,295.12298583984375,133.5019989013672
70.0,23.92373143454729,19.94994229825112,19.866109396562564,21.288332573870758,167.4605422270516,178.29336664180238,274.11199951171875,133.6219940185547,295.3999938964844,133.5019989013672
70.05,23.967831278552925,19.782254867751448,19.866105791895087,21.230319581958554,167.79355003955627,178.5683605383596,274.44500732421875,133.6219940185547,295.67498779296875,133.5019989013672
70.10000000000001,24.033531294845133,19.94994229868138,19.866105792110343,21.174326454094057,168.12655937486238,178.84536859507256,274.77801513671875,133.6230010986328,295.9519958496094,133.5019989013672
70.15,24.112155701801864,19.782254868175638,19.866105792333265,21.11432413054811,168.4615508299491,179.12036433568323,275.1130065917969,133.6230010986328,296.22698974609375,133.5030059814453
70.2,24.187286829071933,19.949942299102318,19.866105792551416,21.0563416711283,168.79654228503531,179.3973723923962,275.447998046875,133.6230010986328,296.5039978027344,133.5030059814453
70.25,24.237039538417832,19.782254868620697,19.866102187883236,20.99433096227318,169.1335479002749,179.6723662889534,275.7850036621094,133.6230010986328,296.77899169921875,133.5030059814453
70.3,24.252015334623387,19.949942299557396,19.866102188101767,20.935341450087982,169.4695464354326,179.94937434566637,276.1210021972656,133.6230010986328,297.0559997558594,133.5030059814453
70.35000000000001,24.228722606878474,19.782254869034006,19.866102188318017,20.873330752944106,169.80655205066697,180.2243682422236,276.4580078125,133.6230010986328,297.33099365234375,133.5030059814453
70.4,24.16856726200702,19.949942300048548,19.866102188540786,20.81434699349655,170.14255204968114,180.50137629893655,276.79400634765625,133.62399291992188,297.6080017089844,133.5030059814453
70.45,24.079107564406407,19.782254869503515,19.86609858387259,20.75435045135627,170.47754350476367,180.77637019549377,277.1289978027344,133.62399291992188,297.88299560546875,133.5030059814453
70.5,23.970351383127014,19.949942300457817,19.86609858409326,20.696331749642294,170.8115583973491,181.05237295419917,277.4630126953125,133.62399291992188,298.15899658203125,133.50399780273438
70.55,23.85230658624757,19.782254869976093,19.866098584315722,20.640332937514287,171.14355912977973,181.32837393083426,277.7950134277344,133.62399291992188,298.43499755859375,133.50399780273438
70.60000000000001,23.734047226792626,19.949942300883173,19.8660985845359,20.586348256549737,171.4735457020535,181.60437490746935,278.125,133.62399291992188,298.71099853515625,133.50399780273438
70.65,23.624067114239114,19.78225487044265,19.866098584762604,20.53334012613126,171.80255571182516,181.88037588410444,278.4540100097656,133.62399291992188,298.98699951171875,133.50399780273438
70.7,23.527478311762376,19.94994230133106,19.866098584985473,20.482352050768156,172.12955311223413,182.15637686073953,278.781005859375,133.625,299.26300048828125,133.50399780273438
70.75,23.44676649808681,19.782254870830897,19.866098585206494,20.43135806976404,172.4555418817668,182.43137075729675,279.10699462890625,133.625,299.5379943847656,133.50399780273438
70.8,23.39089410347372,19.9499423017863,19.866098585429388,20.383354763268336,172.7805540887982,182.7083788140097,279.4320068359375,133.625,299.81500244140625,133.50399780273438
70.85000000000001,23.367639111418452,19.78225487128399,19.866098585654385,20.33336188510455,173.10553577825164,182.98337455462038,279.7569885253906,133.625,300.0899963378906,133.5050048828125
70.9,23.368682812087634,19.949942302239627,19.866098585873495,20.286365635118138,173.42954090520664,183.26038261133334,280.08099365234375,133.625,300.36700439453125,133.5050048828125
70.95,23.38318993141488,19.78229092060612,19.866102190983757,20.23634820172826,173.7545531122415,183.53537650789056,280.406005859375,133.625,300.6419982910156,133.5050048828125
71.0,23.40529479910507,19.94994230268977,19.866102191206952,20.18837541439013,174.0795348016991,183.81238456460352,280.7309875488281,133.625,300.91900634765625,133.5050048828125
71.05,23.43232978854888,19.78229092103666,19.866105796313008,20.138364015449593,174.40454856899586,184.08737846116074,281.0559997558594,133.62600708007812,301.1940002441406,133.5050048828125
71.10000000000001,23.461309697899168,19.949942303118203,19.86610579653651,20.089384188947548,174.73053733853104,184.3643865178737,281.3819885253906,133.62600708007812,301.47100830078125,133.5050048828125
71.15,23.490327369526224,19.782290921460717,19.86610940163832,20.038359726223156,175.0565566256435,184.63938041443092,281.7080078125,133.62600708007812,301.7460021972656,133.5050048828125
71.2,23.510665845193447,19.949942303628895,19.8661094018681,19.989373929387618,175.3825453951766,184.9163902467354,282.03399658203125,133.62600708007812,302.02301025390625,133.50599670410156
71.25,23.51743447677451,19.78225487303158,19.86610940208817,19.937372915866572,175.70954124478672,185.19138414329262,282.3609924316406,133.62600708007812,302.2980041503906,133.50599670410156
71.3,23.5214307724386,19.9499423040224,19.86610940231178,19.88738603083353,176.03653709439627,185.46839220000558,282.68798828125,133.62600708007812,302.57501220703125,133.50599670410156
71.35000000000001,23.523265848342717,19.78225487348341,19.866109402531723,19.83636157160942,176.36255638150567,185.7433860965628,283.0140075683594,133.62600708007812,302.8500061035156,133.50599670410156
71.4,23.51534711302123,19.949942304492275,19.866109402756987,19.7853736751648,176.6895537352736,186.0193870731979,283.34100341796875,133.6269989013672,303.1260070800781,133.50599670410156
71.45,23.49392720272677,19.782290922773658,19.86610940297374,19.734379758203325,177.0165495848831,186.29538804983298,283.6679992675781,133.6269989013672,303.4020080566406,133.50599670410156
71.5,23.456558222437813,19.949942304903395,19.866109403195104,19.684392907341476,177.34253835441493,186.57138902646807,283.9939880371094,133.6269989013672,303.6780090332031,133.50599670410156
71.55,23.402594722022155,19.782290923228576,19.866109403414292,19.63537642486975,177.66755056144746,186.847391840428,284.3190002441406,133.6269989013672,303.9540100097656,133.5070037841797
71.60000000000001,23.33801052779424,19.94994230540727,19.8661094036432,19.587373173116916,177.99155568840249,187.1233928170631,284.64300537109375,133.6269989013672,304.2300109863281,133.5070037841797
71.65,23.270906334195303,19.782254874760223,19.866105798973148,19.538362864595108,178.3155608153579,187.3983867136203,284.9670104980469,133.6269989013672,304.5050048828125,133.5070037841797
71.7,23.203335218155157,19.949942305814353,19.866105799191693,19.492373743785638,178.63855886223493,187.67539477033327,285.2900085449219,133.6269989013672,304.7820129394531,133.5070037841797
71.75,23.13702238048741,19.782254875234653,19.866105799412004,19.4463908673191,178.95954432879745,187.9503886668905,285.6109924316406,133.6280059814453,305.0570068359375,133.5070037841797
71.8,23.071827067565128,19.94994230626994,19.866105799636756,19.402385373556502,179.28055873309532,188.22739672360345,285.9320068359375,133.6280059814453,305.3340148925781,133.5070037841797
71.85000000000001,23.007278917879066,19.782254875687627,19.866105799857177,19.3573666487495,179.60056605731472,188.50239240875723,286.25201416015625,133.6280059814453,305.6090087890625,133.50799560546875
71.9,22.944421635401103,19.949942306739537,19.866105800081904,19.315344753086645,179.91956630145566,188.77936994789206,286.5710144042969,133.6280059814453,305.885986328125,133.50799560546875
71.95,22.89150183381305,19.78225487622111,19.86610219542665,19.27237683427863,180.2375594655183,189.0543943620274,286.8890075683594,133.6280059814453,306.1610107421875,133.50799560546875
72.0,22.85967751515929,19.949942307151893,19.8661021956515,19.23136200625003,180.5555526295808,189.33137190116224,287.2070007324219,133.6280059814453,306.43798828125,133.50799560546875
72.05,22.84754619538444,19.782290925496714,19.866102195878312,19.189401155114087,180.87253871356555,189.6063963152976,287.52398681640625,133.6280059814453,306.7130126953125,133.50799560546875
72.10000000000001,22.8491306333292,19.94994230761889,19.866102196099476,19.148362058852342,181.19056394180146,189.88337385443242,287.8420104980469,133.62899780273438,306.989990234375,133.50799560546875
72.15,22.862377761651427,19.782254877096445,19.8661021963331,19.106401228550943,181.50755002578776,190.15839826856777,288.15899658203125,133.62899780273438,307.2650146484375,133.50799560546875
72.2,22.88736310244232,19.94994230808485,19.86610219656015,19.06538006287861,181.82554318985277,190.43537763854948,288.47698974609375,133.62899780273438,307.5419921875,133.50900268554688
72.25,22.92217434950591,19.78225487752579,19.866102196789264,19.022351131887582,182.14356687149635,190.7103715351067,288.7950134277344,133.62899780273438,307.8169860839844,133.50900268554688
72.3,22.964906052475897,19.94994230852003,19.86610219701427,18.979352721838268,182.4625671156401,190.9863725117418,289.114013671875,133.62899780273438,308.0929870605469,133.50900268554688
72.35000000000001,23.005802699024038,19.782290926823965,19.866105802127908,18.93635431558169,182.78156735978354,191.26237348837688,289.4330139160156,133.62899780273438,308.3689880371094,133.50900268554688
72.4,23.032442863140933,19.949942308993283,19.86610580235328,18.892385793861617,183.10154575124034,191.53837446501197,289.75299072265625,133.6300048828125,308.6449890136719,133.50900268554688
72.45,23.03931792688862,19.782290927274122,19.866109407458584,18.84838035088215,183.4215530754595,191.81437544164706,290.072998046875,133.6300048828125,308.9209899902344,133.50900268554688
72.5,23.018619000668156,19.949942309405447,19.86610940768394,18.804374912236025,183.74156039967826,192.09037641828215,290.39300537109375,133.6300048828125,309.1969909667969,133.50900268554688
72.55,22.96825525483605,19.78229092773256,19.866109407907523,18.761370166302978,184.0605606438197,192.36637917698755,290.7120056152344,133.6300048828125,309.4729919433594,133.50999450683594
72.60000000000001,22.894562703156385,19.949942309891156,19.86610940813475,18.719378839887522,184.37855380788503,192.64238015362264,291.0299987792969,133.6300048828125,309.7489929199219,133.50999450683594
72.65,22.802869720346727,19.782290928172426,19.866113013242348,18.67638045795074,184.69654697195196,192.91737405017986,291.3479919433594,133.6300048828125,310.02398681640625,133.50999450683594
72.7,22.691665697942693,19.949942310347065,19.86611301346857,18.63838685923521,185.0115494133647,193.19438210689282,291.6629943847656,133.6300048828125,310.3009948730469,133.50999450683594
72.75,22.564982955680488,19.78229092861434,19.866116618577426,18.59838557180422,185.32655341620605,193.46937600345004,291.9779968261719,133.63099670410156,310.57598876953125,133.50999450683594
72.8,22.43376148716398,19.949942310759667,19.86611661880139,18.56338265196505,185.6385651349634,193.746384060163,292.2900085449219,133.63099670410156,310.8529968261719,133.50999450683594
72.85000000000001,22.32154979209559,19.782290929065088,19.866116619025497,18.5283797348342,185.94856269356276,194.02137795672022,292.6000061035156,133.63099670410156,311.12799072265625,133.50999450683594
72.9,22.26722577754395,19.949942311249703,19.86611661925114,18.49538437648258,186.25856025215785,194.29838784407835,292.9100036621094,133.63099670410156,311.4049987792969,133.51100158691406
72.95,22.28450519022526,19.78229092947201,19.86611661947093,18.461388511226463,186.56755073067393,194.57338174063557,293.218994140625,133.63099670410156,311.67999267578125,133.51100158691406
73.0,22.357514524187938,19.94994231168091,19.866116619698474,18.428399707451387,186.877548289274,194.85038979734853,293.52899169921875,133.63099670410156,311.9570007324219,133.51100158691406
73.05,22.470517557739466,19.782254881082906,19.86611301503351,18.391382671501553,187.189560008039,195.12538369390575,293.84100341796875,133.63099670410156,312.23199462890625,133.51100158691406
73.10000000000001,22.609621735186916,19.949942312148895,19.86611301525928,18.35540982554246,187.5025499095111,195.4023917506187,294.15399169921875,133.6320037841797,312.5090026855469,133.51100158691406
73.15,22.75974315764131,19.782254881506027,19.866109410592642,18.315402151832284,187.8175523509404,195.67738564717592,294.468994140625,133.6320037841797,312.78399658203125,133.51100158691406
73.2,22.886498031471643,19.949942312575946,19.866109410815532,18.27539448204136,188.13456895252187,195.95439370388888,294.7860107421875,133.6320037841797,313.0610046386719,133.51100158691406
73.25,22.965194569054013,19.78225488203225,19.86610580615732,18.231382545504857,188.453569196671,196.22938938904267,295.1050109863281,133.6320037841797,313.33599853515625,133.51199340820312
73.3,23.008178636770868,19.949942313047472,19.866105806386102,18.188384211806166,188.7725694408134,196.50539036567775,295.42401123046875,133.6320037841797,313.61199951171875,133.51199340820312
73.35000000000001,23.017287013886655,19.782254882388077,19.8661022017184,18.14440934127177,189.09254624745404,196.78139134231284,295.7439880371094,133.6320037841797,313.88800048828125,133.51199340820312
73.4,22.988810092630086,19.94994231351807,19.86610220194524,18.10040395859563,189.41255357167458,197.05739231894793,296.0639953613281,133.6320037841797,314.16400146484375,133.51199340820312
73.45,22.929842645870924,19.782254882839034,19.86609859728194,18.058419314736383,189.73054828248507,197.33339329558302,296.3819885253906,133.63299560546875,314.44000244140625,133.51199340820312
73.5,22.855861679846033,19.949942313912363,19.86609859750509,18.01639755527359,190.04857196413417,197.6093942722181,296.70001220703125,133.63299560546875,314.71600341796875,133.51199340820312
73.55,22.777347124512005,19.782290932158926,19.86610220261269,17.974406317008206,190.365558048128,197.88438816877533,297.0169982910156,133.63299560546875,314.9909973144531,133.51199340820312
73.60000000000001,22.69692198278477,19.94994231438397,19.8661022028362,17.93539897183148,190.68156756962068,198.16139805613346,297.3330078125,133.63299560546875,315.26800537109375,133.51300048828125
73.65,22.62243803697256,19.782290932582537,19.86610580794385,17.896398381714317,190.99556293095506,198.43639195269068,297.6470031738281,133.63299560546875,315.5429992675781,133.51300048828125
73.7,22.557781719466323,19.94994231483364,19.866105808169618,17.859411910215897,191.3095582922867,198.71340000940364,297.96099853515625,133.63299560546875,315.82000732421875,133.51300048828125
73.75,22.503637952723697,19.782254884156,19.866105808381995,17.821418384823865,191.62254657353841,198.98839390596086,298.27398681640625,133.63299560546875,316.0950012207031,133.51300048828125
73.8,22.45788157149579,19.94994231532509,19.866105808609756,17.786422340517518,191.93455991756073,199.26540196267382,298.58599853515625,133.63400268554688,316.37200927734375,133.51300048828125
73.85000000000001,22.419470589090874,19.782254884592078,19.866105808830156,17.749405376619574,192.24657163631082,199.54039585923104,298.89801025390625,133.63400268554688,316.6470031738281,133.51300048828125
73.9,22.382714434344543,19.949942315756594,19.86610580905401,17.715402736090386,192.5575762749827,199.81740574658917,299.2090148925781,133.63400268554688,316.92401123046875,133.51400756835938
73.95,22.339514112603094,19.782254885042743,19.86610580927438,17.680399878516383,192.86757383357644,200.0923996431464,299.5190124511719,133.63400268554688,317.1990051269531,133.51400756835938
74.0,22.28929455283342,19.949942316170542,19.866105809500194,17.647411137827337,193.1775713921702,200.36940769985935,299.8290100097656,133.63400268554688,317.47601318359375,133.51400756835938
74.05,22.225141224577253,19.782254885493902,19.86610220483369,17.613415343175237,193.48656187068585,200.64440159641657,300.13800048828125,133.63400268554688,317.7510070800781,133.51400756835938
74.10000000000001,22.147273870118532,19.94994231662067,19.866102205057363,17.582417001545814,193.7945773835565,200.92140965312953,300.4460144042969,133.63499450683594,318.02801513671875,133.51400756835938
74.15,22.063681597057943,19.782254885925454,19.866098600391656,17.550435338186592,194.10155370191654,201.19640354968675,300.75299072265625,133.63499450683594,318.3030090332031,133.51400756835938
74.2,21.975734270808218,19.94994231705213,19.866098600613505,17.520437272977524,194.40755345777677,201.47240452632184,301.0589904785156,133.63499450683594,318.5790100097656,133.51400756835938
74.25,21.884690182847034,19.782254886412808,19.866098600839184,17.49241597338932,194.711569571059,201.74840728502724,301.3630065917969,133.63499450683594,318.8550109863281,133.51499938964844
74.3,21.7887503042426,19.949942317481714,19.866098601054848,17.465439070107053,195.01454808668495,202.02440826166233,301.6659851074219,133.63499450683594,319.1310119628906,133.51499938964844
74.35000000000001,21.692810423785556,19.78225488678089,19.866098601273727,17.439438708070362,195.31655003981075,202.30040923829742,301.9679870605469,133.63499450683594,319.4070129394531,133.51499938964844
74.4,21.619226022998134,19.949942317948565,19.866098601492926,17.414414887288824,195.6175754304361,202.5764102149325,302.2690124511719,133.63499450683594,319.6830139160156,133.51499938964844
74.45,21.59294637613781,19.7822548872488,19.86609860171353,17.39042864107124,195.91756322340493,202.8524111915676,302.5690002441406,133.63499450683594,319.9590148925781,133.51499938964844
74.5,21.618757407174996,19.94994231838088,19.866098601934567,17.366411879690915,196.2175510163763,203.12838165062456,302.8689880371094,133.63499450683594,320.2349853515625,133.51499938964844
74.55,21.683413728636577,19.78225488771629,19.866098602156807,17.34041852291705,196.51857809159677,203.4034060647599,303.1700134277344,133.63600158691406,320.510009765625,133.51499938964844
74.60000000000001,21.77402527044328,19.94994231878876,19.86609860237362,17.315418227604123,196.82054952715652,203.68038543474162,303.47198486328125,133.63600158691406,320.7869873046875,133.51600646972656
74.65,21.8773826959766,19.782254888107285,19.866098602591798,17.287434281503156,197.123558560375,203.95540984887697,303.7749938964844,133.63600158691406,321.06201171875,133.51600646972656
74.7,21.971846331903464,19.949942319244368,19.866098602811025,17.260396359753198,197.42757467367008,204.2323873880118,304.0790100097656,133.63600158691406,321.3389892578125,133.51600646972656
74.75,22.03859007119752,19.782254888526875,19.86609860302243,17.229421767809693,197.73357442953744,204.50741180214715,304.385009765625,133.63600158691406,321.614013671875,133.51600646972656
74.8,22.068074676541926,19.949942319697854,19.866098603244048,17.199423717405374,198.04055074789957,204.78438934128198,304.6919860839844,133.63600158691406,321.8909912109375,133.51600646972656
74.85000000000001,22.03815754922103,19.78229093794066,19.866102208360026,17.168418613939608,198.34655050375895,205.0593832378392,304.99798583984375,133.63600158691406,322.1659851074219,133.51600646972656
74.9,21.947690261698305,19.9499423202072,19.866102208585886,17.140411134820834,198.65157530963316,205.33639129455216,305.3030090332031,133.63699340820312,322.4429931640625,133.51600646972656
74.95,21.812149801645152,19.782254889505335,19.86610220881154,17.111413175023348,198.95556090534697,205.61138697970594,305.60699462890625,133.63699340820312,322.7179870605469,133.51699829101562
75.0,21.64730671820392,19.94994232069551,19.866102209043,17.08641989402585,199.25756285849067,205.8883950364189,305.90899658203125,133.63699340820312,322.9949951171875,133.51699829101562
75.05,21.47212961438983,19.782290938820953,19.866105814153467,17.062403153067116,199.55657408898134,206.16338893297612,306.2080078125,133.63699340820312,323.2699890136719,133.51699829101562
75.10000000000001,21.302785562833808,19.94994232110366,19.86610581438496,17.0424146343263,199.85357115931376,206.44039698968908,306.5050048828125,133.63699340820312,323.5469970703125,133.51699829101562
75.15,21.153276994584896,19.782290939255862,19.866109419499814,17.023402654885377,200.14757750698277,206.7153908862463,306.79901123046875,133.63699340820312,323.8219909667969,133.51699829101562
75.2,21.03087721512935,19.94994232153968,19.866109419729348,17.006404786622724,200.44057677456712,206.9913918628814,307.0920104980469,133.63699340820312,324.0979919433594,133.51699829101562
75.25,20.93853709427833,19.782290939692395,19.866113024845898,16.991421029034225,200.73156188199044,207.26739283951648,307.38299560546875,133.63699340820312,324.3739929199219,133.51699829101562
75.3,20.874133177415448,19.949942321975893,19.8661130250737,16.976406755398944,201.02257924952102,207.5433956534764,307.67401123046875,133.63800048828125,324.6499938964844,133.51800537109375
75.35000000000001,20.832264981747816,19.782254891221026,19.866109420401735,16.963406592087676,201.31158071436568,207.8193966301115,307.9630126953125,133.63800048828125,324.9259948730469,133.51800537109375
75.4,20.800909348710295,19.949942322465724,19.866109420627588,16.950406429382493,201.60058217921218,208.0953976067466,308.25201416015625,133.63800048828125,325.2019958496094,133.51800537109375
75.45,20.76012092276467,19.782254891685703,19.866109420845625,16.93642972908279,201.88955312648068,208.3703915033038,308.5409851074219,133.63800048828125,325.47698974609375,133.51800537109375
75.5,20.695430365262933,19.949942322873994,19.866109421063477,16.92541316013416,202.17757802882602,208.64739956001677,308.8290100097656,133.63800048828125,325.7539978027344,133.51800537109375
75.55,20.59916611697441,19.782254892202502,19.86610581640163,16.914427108244862,202.46355825343556,208.92239345657399,309.114990234375,133.63800048828125,326.02899169921875,133.51800537109375
75.60000000000001,20.472157292125047,19.94994232321019,19.866105816612283,16.906431704127034,202.7485619155453,209.1994015132897,309.3999938964844,133.63800048828125,326.3059997558594,133.51800537109375
75.65,20.317753011683834,19.782290941518312,19.86610581683853,16.898398769488004,203.0315819350787,209.4743971984437,309.6830139160156,133.63800048828125,326.58099365234375,133.5189971923828
75.7,20.146682118472206,19.949942323627273,19.86610581704729,16.894431582771894,203.31255727688034,209.7514052551585,309.9639892578125,133.63800048828125,326.8580017089844,133.5189971923828
75.75,19.961425135559402,19.782254893216745,19.866102212399724,16.891410417437807,203.59057241360512,210.0263991517157,310.24200439453125,133.63800048828125,327.13299560546875,133.5189971923828
75.8,19.770841491623926,19.949942324135012,19.866102212615637,16.89242459723159,203.86657522749965,210.30340720843142,310.51800537109375,133.63900756835938,327.4100036621094,133.5189971923828
75.85000000000001,19.61593424311272,19.782254893542884,19.86610221284782,16.89443870650095,204.139554963832,210.57840110498887,310.7909851074219,133.63900756835938,327.68499755859375,133.5189971923828
75.9,19.50984236470664,19.949942324505074,19.866102213051757,16.89944346312119,204.41155813766073,210.85540916170365,311.06298828125,133.63900756835938,327.9620056152344,133.5189971923828
75.95,19.425997823832265,19.78225489409345,19.866102213292532,16.904410583297114,204.681577668911,211.13040490231432,311.3330078125,133.63900756835938,328.23699951171875,133.52000427246094
76.0,19.34488957678269,19.949942325041498,19.866102213509283,16.912436507612153,204.95055960250613,211.4074129590291,311.60198974609375,133.63900756835938,328.5140075683594,133.52000427246094
76.05,19.272601301362215,19.78225489459524,19.866102213748555,16.919424860023884,205.218564973602,211.68240685558632,311.8699951171875,133.63900756835938,328.78900146484375,133.52000427246094
76.10000000000001,19.204453494901045,19.949942325798073,19.866102214007345,16.929434378257724,205.48556326462028,211.95941491229837,312.1369934082031,133.63900756835938,329.0660095214844,133.52000427246094
76.15,19.120789208298643,19.782254894957383,19.86609860935125,16.938406324631195,205.7515849931379,212.2344088088556,312.40301513671875,133.63900756835938,329.34100341796875,133.52000427246094
76.2,19.001522344770834,19.949942326205473,19.86609860960907,16.950429953924814,206.01656912399764,212.51141686556764,312.6679992675781,133.63900756835938,329.6180114746094,133.52000427246094
76.25,18.83966626624226,19.782254895328748,19.866098609820273,16.962423066701984,206.27956961227923,212.78641076212486,312.9309997558594,133.63900756835938,329.89300537109375,133.52000427246094
76.3,18.64278096080738,19.949942326558098,19.866098610062583,16.979420939842573,206.5395812695785,213.06342059442844,313.1910095214844,133.63999938964844,330.1700134277344,133.52099609375
76.35000000000001,18.424116953026925,19.782254895831013,19.866098610291395,16.997425869107037,206.79656979497622,213.33841449098566,313.447998046875,133.63999938964844,330.44500732421875,133.52099609375
76.4,18.196166065094403,19.9499423270345,19.866098610544338,17.020405043014986,207.05056759771995,213.6153920301198,313.7019958496094,133.63999938964844,330.72198486328125,133.52099609375
76.45,17.96994208758726,19.782254896303577,19.866098610765352,17.044421790705968,207.30157467780745,213.89041644425538,313.9530029296875,133.63999938964844,330.99700927734375,133.52099609375
76.5,17.75570790683252,19.949942327518702,19.866098611013072,17.073412784072787,207.54858402166457,214.1664174208898,314.20001220703125,133.63999938964844,331.27301025390625,133.52099609375
76.55,17.557958709956065,19.782254896645334,19.86609861121808,17.104417892176375,207.79357915526933,214.44241839752488,314.44500732421875,133.63999938964844,331.54901123046875,133.52099609375
76.60000000000001,17.378245914839432,19.949942327956197,19.86609861143389,17.137437114322736,208.03656011494056,214.71841937415905,314.68798828125,133.63999938964844,331.82501220703125,133.52099609375
76.65,17.21480535428229,19.78225489704266,19.86609861164242,17.17340952434027,208.27658086695916,214.994422188119,314.9280090332031,133.63999938964844,332.10101318359375,133.52200317382812
76.7,17.060797663350893,19.949942328343184,19.86609861185619,17.2124100704807,208.51358037889676,215.27042316475317,315.1650085449219,133.63999938964844,332.37701416015625,133.52200317382812
76.75,16.91978646296771,19.782254897479625,19.866098612071276,17.252417677361915,208.7495728111759,215.54642414138826,315.4010009765625,133.63999938964844,332.65301513671875,133.52200317382812
76.80000000000001,16.80609858384109,19.949942328797253,19.866098612295193,17.29437836800447,208.98358160106932,215.8223946004443,315.635009765625,133.63999938964844,332.9289855957031,133.52200317382812
76.85000000000001,16.708069667943846,19.78225489795834,19.866098612507923,17.33738352045354,209.21658548726631,216.0983955770794,315.8680114746094,133.64100646972656,333.2049865722656,133.52200317382812
76.9,16.60032126664445,19.949942329282734,19.866098612732745,17.382395890389212,209.44757303677568,216.3743965537138,316.0989990234375,133.64100646972656,333.4809875488281,133.52200317382812
76.95,16.479289704172462,19.782254898413512,19.866098612943738,17.429391862226254,209.6765769435288,216.65039753034912,316.3280029296875,133.64100646972656,333.7569885253906,133.52200317382812
77.0,16.351056932283278,19.949942329670705,19.86609861315894,17.47738817151209,209.90457377004168,216.92640028905384,316.5559997558594,133.64100646972656,334.0329895019531,133.5229949951172
77.05000000000001,16.213250616518685,19.782254898785315,19.866098613372937,17.527374828164568,210.13058695385314,217.20240126568893,316.7820129394531,133.64100646972656,334.3089904785156,133.5229949951172
77.10000000000001,16.04642492715079,19.94994233009367,19.866098613586686,17.579375606014832,210.35458597742058,217.4784022423231,317.0060119628906,133.64100646972656,334.5849914550781,133.5229949951172
77.15,15.839533462719498,19.78229094809418,19.86610221869184,17.633390505889423,210.5755637606856,217.75339613888033,317.22698974609375,133.64100646972656,334.8599853515625,133.5229949951172
77.2,15.599089041521093,19.94994233054588,19.866102218912108,17.692379667691174,210.79358133883468,218.03040419559238,317.44500732421875,133.64100646972656,335.1369934082031,133.5229949951172
77.25,15.33124916127106,19.782254899666974,19.866102219130845,17.752375896105068,211.00857767673097,218.3053980921496,317.6600036621094,133.64100646972656,335.4119873046875,133.5229949951172
77.30000000000001,15.065712999216128,19.949942330972405,19.866102219348356,17.81838396444099,211.2195762118878,218.58240614886256,317.8710021972656,133.64100646972656,335.6889953613281,133.5229949951172
77.35000000000001,14.831712743802072,19.782254900180064,19.86610221957053,17.88637554226319,211.42657932039756,218.85740188947324,318.0780029296875,133.64199829101562,335.9639892578125,133.5240020751953
77.4,14.621293624349157,19.949942331388677,19.866102219781123,17.959372007114506,211.63058933016353,219.1344099461862,318.2820129394531,133.64199829101562,336.2409973144531,133.5240020751953
77.45,14.424660614524848,19.782290949499092,19.866105824889683,18.033375543321217,211.83157809969583,219.40940384274342,318.4830017089844,133.64199829101562,336.5159912109375,133.5240020751953
77.5,14.227201099017615,19.949942331880415,19.866105825110655,18.11137681037166,212.03058322665058,219.68641189945637,318.6820068359375,133.64199829101562,336.7929992675781,133.5240020751953
77.55000000000001,14.015197562055654,19.78225490102832,19.866105825334955,18.19038515059939,212.22656711337027,219.9614057960136,318.87799072265625,133.64199829101562,337.0679931640625,133.5240020751953
77.60000000000001,13.780261773234747,19.949942332291286,19.86610582555472,18.274367766750487,212.4195907950111,220.23841385272655,319.0710144042969,133.64199829101562,337.3450012207031,133.5240020751953
77.65,13.510801422314326,19.782254901480705,19.86610222089337,18.360358170247284,212.60858615633947,220.51340953788034,319.260009765625,133.64199829101562,337.6199951171875,133.52499389648438
77.7,13.225069290252938,19.94994233276224,19.866102221115007,18.452366809267286,212.79358371493586,220.7904175945933,319.44500732421875,133.64199829101562,337.8970031738281,133.52499389648438
77.75,12.947364886156219,19.782254901928432,19.86610222134115,18.545352009825663,212.97559055087652,221.0654114911505,319.62701416015625,133.64199829101562,338.1719970703125,133.52499389648438
77.80000000000001,12.669661360094612,19.949942333215418,19.86610222156545,18.645386650606184,213.15256198642638,221.34241954786347,319.8039855957031,133.64199829101562,338.4490051269531,133.52499389648438
77.85000000000001,12.375109270592931,19.782254902385578,19.866102221786,18.746373651728664,213.3265761310826,221.6174134444207,319.9779968261719,133.64300537109375,338.7239990234375,133.52499389648438
77.9,12.052693100378773,19.949942333666755,19.866102222013808,18.854373232934215,213.49558247874415,221.89442150113365,320.1470031738281,133.64300537109375,339.0010070800781,133.52499389648438
77.95,11.706660597590409,19.782254902833376,19.866098617347237,18.965363503155544,213.65958394359532,222.16941539769087,320.3110046386719,133.64300537109375,339.2760009765625,133.52499389648438
78.0,11.339929191342021,20.06207467505706,19.877311851664903,19.090357880161225,213.8195876057161,222.4546184564848,320.47100830078125,133.64300537109375,339.5610046386719,133.5260009765625
78.05000000000001,10.96639312870986,19.73418629558406,19.872504991120476,19.219353941442435,213.9735793049481,222.737610370043,320.625,133.64300537109375,339.843994140625,133.5260009765625
78.10000000000001,10.614168832784362,19.89296783706691,19.866807541598043,19.35238244134297,214.12357320144267,223.02069977599803,320.7749938964844,133.64300537109375,340.12701416015625,133.5260009765625
78.15,10.22781654293622,19.878602735740994,19.87644232502407,19.488376384502097,214.26758565262355,223.30083628960978,320.91900634765625,133.64300537109375,340.4070129394531,133.5260009765625
78.2,9.820764454539537,19.88938065835534,19.87038615758338,19.627367604805833,214.40659322099444,223.57901107492643,321.0580139160156,133.64300537109375,340.68499755859375,133.5260009765625
78.25,9.280224997112557,19.8375977692865,19.875920444319185,19.771400454442507,214.53858174641604,223.8552221575206,321.19000244140625,133.64300537109375,340.96099853515625,133.5260009765625
78.30000000000001,8.895780709049227,19.914501891031005,19.872376400100745,19.922426782964134,214.6635817464391,224.13142760809524,321.31500244140625,133.64300537109375,341.23699951171875,133.5260009765625
78.35000000000001,8.382312315736783,19.797487635530302,19.873899673415217,20.07744805754815,214.78256978357348,224.40559750118672,321.4339904785156,133.64300537109375,341.510986328125,133.52699279785156
78.4,7.834716765477358,19.935745168617,19.87247995691024,20.24050226475037,214.89456929532977,224.68077303024407,321.5459899902344,133.64300537109375,341.7860107421875,133.52699279785156
78.45,7.2798848258213225,19.776247095647342,19.871879176191634,20.410513757207244,214.9985732016293,224.95488058899264,321.6499938964844,133.64300537109375,342.05999755859375,133.52699279785156
78.5,6.609852215389305,20.310075389684258,19.896679247654355,20.58758116010582,215.09458150248776,225.228323332582,321.7460021972656,133.64300537109375,342.3330078125,133.52699279785156
78.55000000000001,5.869476197600666,19.066377862810867,19.829898404377033,20.760629797871214,215.18058003780305,225.48750557812966,321.8320007324219,133.64300537109375,342.5920104980469,133.52699279785156
78.60000000000001,5.130252460345253,20.670159458706085,19.90761756654095,20.961641093106902,215.2555922450411,225.76355655817488,321.9070129394531,133.64300537109375,342.8680114746094,133.52699279785156
78.65,4.405932374624418,19.01658699568966,19.821415992535815,21.16064886072957,215.32056416906704,226.02753825985886,321.97198486328125,133.64300537109375,343.1319885253906,133.52699279785156
78.7,3.718836201983048,20.720635807148234,19.904541507415104,21.38459936887883,215.37659444265307,226.30754086802523,322.02801513671875,133.64300537109375,343.4119873046875,133.5279998779297
78.75,3.2048101557882958,19.55418728105293,19.876200458591747,21.60555071539667,215.42359151299854,226.5757244425844,322.07501220703125,133.64300537109375,343.67999267578125,133.5279998779297
78.80000000000001,1.0493030529634875,20.285125181386228,19.913262787627268,21.84450778694808,215.45359029413999,226.84495594037654,322.1050109863281,133.64300537109375,343.9490051269531,133.5279998779297
78.85000000000001,2.104499694795228e-05,19.73636614276962,19.9071506383512,22.101461696819012,215.45557403593315,227.10437972603876,322.10699462890625,133.64300537109375,344.2080078125,133.5279998779297
78.9,7.340305077763815e-06,5.56116308969949,18.46969243045945,22.098237407834695,215.45557403593315,227.17343970141167,322.10699462890625,133.64300537109375,344.2049865722656,133.5959930419922
78.95,1.5808144796667012e-05,4.370463671082315,16.929114088002947,22.11329268295088,215.45558284589546,227.20013151143962,322.10699462890625,133.64300537109375,344.2200012207031,133.61199951171875
79.0,2.0710126319257432e-05,3.9809974619436352,15.296206295228888,22.131321406756335,215.45559696590985,227.22242589379798,322.10699462890625,133.64300537109375,344.2380065917969,133.6230010986328
79.05000000000001,2.1772819204255146e-05,3.918112911967086,13.78137980014451,22.15033230070776,215.45561198593109,227.24491035083162,322.10699462890625,133.64300537109375,344.2569885253906,133.63299560546875
79.10000000000001,1.8503547385164667e-05,3.90491095626447,12.104854949900348,22.169382389909398,215.4556261859228,227.2675423304331,322.10699462890625,133.64300537109375,344.2760009765625,133.64300537109375
79.15,1.640217552306055e-05,4.8220308365164515,10.685399333983026,22.24039574855642,215.45563873596015,227.3569433419628,322.10699462890625,133.64300537109375,344.34698486328125,133.69700622558594
79.2,1.3830380761314833e-05,3.640932362947703,8.977428989562975,22.263499882044215,215.45564941590177,227.38529386126,322.10699462890625,133.64300537109375,344.3699951171875,133.7100067138672
79.25,2.8845756071151342e-06,3.763327976569594,7.398343059114642,22.283598861161448,215.45565391593604,227.40875119693106,322.10699462890625,133.64300537109375,344.3900146484375,133.718994140625
79.30000000000001,5.534590598342761e-06,3.770131104800959,5.746843651456114,22.30468443743148,215.45565746590486,227.4332322977841,322.10699462890625,133.64300537109375,344.4110107421875,133.72799682617188
79.35000000000001,6.403200539004392e-06,3.662329684970634,4.1394400056762155,22.325774970290468,215.4556620759516,227.45747826663978,322.10699462890625,133.64300537109375,344.4320068359375,133.73599243164062
79.4,6.2871087510545764e-06,3.6763237101503017,3.9509560677212967,22.347880414126468,215.45566676585926,227.48267431603017,322.10699462890625,133.64300537109375,344.4540100097656,133.74400329589844
79.45,5.6622666414975535e-06,3.5649994727991805,3.8704096478929833,22.369989322289083,215.4556711159506,227.50765457657215,322.10699462890625,133.64300537109375,344.47601318359375,133.75100708007812
79.5,4.872871742346949e-06,3.5311318993767733,3.825423091636297,22.392075067576837,215.45567493588655,227.53266756634136,322.10699462890625,133.64300537109375,344.49798583984375,133.75799560546875
79.55000000000001,4.150244102173223e-06,3.4840959789971357,3.782021398339302,22.41521166477344,215.45567813591092,227.55895713898158,322.10699462890625,133.64300537109375,344.52099609375,133.76600646972656
79.60000000000001,3.3168858202189036e-06,3.432014796436992,3.734731782356554,22.439358005740747,215.45568076596587,227.58591776522306,322.10699462890625,133.64300537109375,344.5450134277344,133.7729949951172
79.65,0.0,3.378997545166985,3.5904284532216066,22.463481922377667,215.45568076596587,227.6129160928878,322.10699462890625,133.64300537109375,344.5690002441406,133.77999877929688
79.7,2.917168021506982e-06,4.670213489762545,3.693356565903091,22.542839165764995,215.45568305585525,227.70486541104341,322.10699462890625,133.64300537109375,344.64801025390625,133.82699584960938
79.75,2.1145875798684434e-06,2.6900411795388948,3.5860278862000214,22.51402969192471,215.45568305585525,227.73808096598415,322.10699462890625,133.64300537109375,344.6189880371094,133.83599853515625
79.80000000000001,1.5141477715281962e-06,2.9418481748908096,3.5031995932090063,22.54211157092484,215.45568496588143,227.76888013090422,322.10699462890625,133.64300537109375,344.6470031738281,133.8300018310547
79.85000000000001,1.285856174326654e-06,2.87047702423561,3.4240143271355037,22.571199315149368,215.45568496588143,227.8000824947584,322.10699462890625,133.64300537109375,344.6759948730469,133.82699584960938
79.9,1.6180173887994475e-06,3.366317543941313,3.393013710514605,22.593324034060778,215.45568675588342,227.82455115847574,322.10699462890625,133.64300537109375,344.697998046875,133.82699584960938
79.95,1.650110811355017e-06,3.3335088218905846,3.3698646454237453,22.616477928195557,215.45568675588342,227.85004243386425,322.10699462890625,133.64300537109375,344.72100830078125,133.82899475097656
80.0,1.7162544860773575e-06,3.3322769772134735,3.3499791532074155,22.63961388420866,215.45568805589332,227.87557799914077,322.10699462890625,133.64300537109375,344.7439880371094,133.83200073242188
80.05000000000001,1.8258399362706732e-06,2.9813737604959814,3.2997069313573006,22.60383827849913,215.45568805589332,227.91387145285242,322.10699462890625,133.64300537109375,344.7080078125,133.84100341796875
80.10000000000001,1.8218291764442277e-07,3.1846494797622498,3.2749703996898263,22.69402354714442,215.45568805589332,228.00491422834358,322.10699462890625,133.64300537109375,344.7980041503906,133.84300231933594
80.15,7.6450036359214e-07,2.612900057950335,3.1983606509681612,22.66726841849991,215.45568805589332,228.03684145626713,322.10699462890625,133.64300537109375,344.77099609375,133.85800170898438
80.2,5.558643038948237e-07,2.868828110018672,3.0182221129937736,22.69851743732707,215.45568805589332,228.07100211687322,322.10699462890625,133.64300537109375,344.802001953125,133.86599731445312
80.25,9.323134732970691e-07,3.6456372964378794,3.1137817246836716,22.741124533157542,215.45568923587902,228.13385341784362,322.10699462890625,133.64300537109375,344.843994140625,133.91200256347656
80.30000000000001,3.6643819208318144e-07,2.632347028506949,3.082831610045286,22.776459021619218,215.45568923587902,228.1729358419783,322.10699462890625,133.64300537109375,344.8789978027344,133.92300415039062
80.35000000000001,1.660368036630368e-06,2.67569387468247,3.0633532950899722,22.81074661736144,215.45568923587902,228.21005664316385,322.10699462890625,133.64300537109375,344.9129943847656,133.93099975585938
80.4,5.434666443211841e-07,2.5891264793446847,2.9856341886303093,22.8460629475934,215.45568923587902,228.24836898575967,322.10699462890625,133.64300537109375,344.947998046875,133.93899536132812
80.45,6.351393942484943e-07,2.46196280918674,2.8984795873599243,22.882391510169622,215.45568923587902,228.28759423731685,322.10699462890625,133.64300537109375,344.9840087890625,133.9459991455078
80.5,1.9224940634356002e-06,2.1458822201223247,2.779840111650809,22.921759979254293,215.45568923587902,228.33028187049973,322.10699462890625,133.64300537109375,345.02301025390625,133.95399475097656
80.55000000000001,1.3398091408910852e-06,7.195765582060826,3.2012792938072936,23.02959663305856,215.45568923587902,228.4437441446692,322.10699462890625,133.64300537109375,345.1300048828125,133.9739990234375
80.60000000000001,1.8554426573894426e-06,0.8430582561706923,2.967120171448138,23.087922125894472,215.45568923587902,228.5035952123803,322.10699462890625,133.64300537109375,345.18798828125,133.98300170898438
80.65,7.614190751788775e-07,6.067103254913018,3.312540491144406,23.189795549881843,215.45568923587902,228.6168782122301,322.10699462890625,133.64300537109375,345.28900146484375,133.97300720214844
80.7,1.2029095599396782e-06,2.049276410230856,3.2305853211656244,23.373456385902447,215.45568923587902,228.80335729510222,322.10699462890625,133.64300537109375,345.47198486328125,133.968994140625
80.75,7.594497248580489e-07,1.3179733006840015,2.9978189215902367,23.38341631181314,215.45569007593198,228.8417898570256,322.10699462890625,133.64300537109375,345.4809875488281,133.99899291992188
80.80000000000001,1.820129699511525e-06,11.968112522633623,3.9313954710029035,23.562922120151764,215.45569007593198,229.03509993542625,322.10699462890625,133.64300537109375,345.65899658203125,133.97999572753906
80.85000000000001,5.159766533030363e-07,16.11582781991364,5.27540886552602,23.821702407490896,215.45569007593198,229.31388397177145,322.10699462890625,133.64300537109375,345.9159851074219,133.9239959716797
80.9,8.58952275473326e-07,17.044216538229325,6.720917871414484,24.092582469204373,215.45569007593198,229.60996509435924,322.10699462890625,133.64300537109375,346.1839904785156,133.86599731445312
80.95,6.932416964616444e-08,17.98911884212219,8.273633474708028,24.378168364992074,215.45569007593198,229.9285826575695,322.10699462890625,133.64300537109375,346.4649963378906,133.81100463867188
81.0,5.544848402452153e-07,18.870371676940568,9.946082420389851,24.65187965392014,215.45569007593198,230.2460660425221,322.10699462890625,133.64300537109375,346.73199462890625,133.77000427246094
81.05000000000001,1.2016908618624005e-06,18.108018125240626,11.03730767470783,24.916385404466254,215.45569007593198,230.56153424277718,322.10699462890625,133.64300537109375,346.9880065917969,133.73199462890625
81.10000000000001,1.8890679431818128e-06,18.945150278006754,12.847516876891438,25.1787933712889,215.45569007593198,230.8901984820644,322.10699462890625,133.64300537109375,347.239013671875,133.69500732421875
81.15,7.293533785256747e-07,18.29890119280869,14.070696670681007,25.415807550788557,215.45569007593198,231.20711863289037,322.10699462890625,133.64300537109375,347.4620056152344,133.66799926757812
81.2,8.244879759317427e-07,18.495129240244243,15.715281953682346,25.614288345561746,215.45569007593198,231.50197161738723,322.10699462890625,133.64300537109375,347.6440124511719,133.6510009765625
81.25,1.4761508240978112e-06,18.3296808520846,17.41645270882241,25.78738162356882,215.45569007593198,231.7777622449041,322.10699462890625,133.64300537109375,347.79901123046875,133.63600158691406
81.30000000000001,1.3798786908600524e-07,18.46538991981885,18.06618044854093,25.95119523299094,215.45569007593198,232.046685895382,322.10699462890625,133.64300537109375,347.9429931640625,133.6219940185547
81.35000000000001,3.437023910651636e-08,18.457037465298114,18.300301413079374,26.11039734055427,215.45569007593198,232.30901946207354,322.10699462890625,133.64300537109375,348.08099365234375,133.61000061035156
81.4,1.2703451799837085e-06,18.39936029090745,18.43581578834719,26.26979243206047,215.45569007593198,232.56723274551578,322.10699462890625,133.64300537109375,348.2179870605469,133.5989990234375
81.45,1.2037345443026694e-06,18.438254494115444,18.480729353546515,26.432378470365112,215.45569007593198,232.82386194806105,322.10699462890625,133.64300537109375,348.35699462890625,133.58799743652344
81.5,6.874572296519658e-08,18.42439816523171,18.436132002375626,26.59800526459228,215.45569007593198,233.0788022808246,322.10699462890625,133.64300537109375,348.49798583984375,133.5780029296875
81.55000000000001,1.991837133443528e-06,18.42208755482398,18.467538945333963,26.768671054643754,215.45569007593198,233.33377799652786,322.10699462890625,133.64300537109375,348.64300537109375,133.56700134277344
81.60000000000001,2.0940881120380606e-06,18.458698190641908,18.418893736597475,26.943317035868382,215.45569007593198,233.5888694201335,322.10699462890625,133.64300537109375,348.7909851074219,133.55299377441406
81.65,2.1979993967710684e-06,18.44131872126475,18.43313548944308,27.123913281673786,215.45569007593198,233.84525449818815,322.10699462890625,133.64300537109375,348.9440002441406,133.53799438476562
81.7,1.717426829805615e-06,18.47189321479219,18.430811886897875,27.31048471400916,215.45569007593198,234.10383305721047,322.10699462890625,133.64300537109375,349.10198974609375,133.5229949951172
81.75,0.0,18.48255854413362,18.446099656102774,27.501126084561648,215.45569007593198,234.36384421445328,322.10699462890625,133.64300537109375,349.26300048828125,133.50900268554688
81.80000000000001,6.878735406244623e-08,18.447068728057005,18.44426753692659,27.69376787363787,215.45569007593198,234.62402478126802,322.10699462890625,133.64300537109375,349.42498779296875,133.4949951171875
81.85000000000001,1.3734868051539498e-07,18.54476773377609,18.453040563774387,27.88948995182071,215.45569007593198,234.88548764077908,322.10699462890625,133.64300537109375,349.5889892578125,133.47999572753906
81.9,2.0598618477341806e-07,18.446321792149078,18.457736713898548,28.087007423580392,215.45569007593198,235.1464153706292,322.10699462890625,133.64300537109375,349.7539978027344,133.46499633789062
81.95,2.7464651260692657e-07,18.573794189469663,18.47129068343397,28.286546518988334,215.45569007593198,235.4079965668258,322.10699462890625,133.64300537109375,349.9200134277344,133.4499969482422
82.0,2.7467881513311256e-07,18.450551231963075,18.473905990107106,28.48771469112465,215.45569007593198,235.66883256835868,322.10699462890625,133.64300537109375,350.0870056152344,133.43499755859375
82.05000000000001,5.149646190935961e-07,18.589310788579333,18.49062831348264,28.691825598503765,215.45569007593198,235.93098553962312,322.10699462890625,133.64300537109375,350.2560119628906,133.4199981689453
82.10000000000001,1.3736472977650772e-07,18.458752527813846,18.490633747199837,28.89644885836593,215.45569007593198,236.19158667931467,322.10699462890625,133.64300537109375,350.42498779296875,133.406005859375
82.15,1.3732396678923555e-07,18.60560274243286,18.507062149316646,29.102987374926265,215.45569007593198,236.4529028628968,322.10699462890625,133.64300537109375,350.5950012207031,133.39100646972656
82.2,1.0305926949586553e-07,18.522519189240906,18.512124746761522,29.31192833261461,215.45569007593198,236.71401499082134,322.10699462890625,133.64300537109375,350.7669982910156,133.3769989013672
82.25,1.0345546492087406e-07,18.551053423157462,18.518974234663908,29.522518083628217,215.45569007593198,236.97521479647443,322.10699462890625,133.64300537109375,350.94000244140625,133.36300659179688
82.30000000000001,5.493084922970115e-07,18.558352696090157,18.530102631467223,29.734665006937504,215.45569007593198,237.23630928424296,322.10699462890625,133.64300537109375,351.114013671875,133.3489990234375
82.35000000000001,1.413642755910339e-07,18.565683358728005,18.532194193962415,29.949290499598227,215.45569007593198,237.49800168087677,322.10699462890625,133.64300537109375,351.2900085449219,133.33399963378906
82.4,2.0813369444063681e-07,18.57307206796754,18.544869221544257,30.16440764654353,215.45569007593198,237.75886434365393,322.10699462890625,133.64300537109375,351.46600341796875,133.32000732421875
82.45,2.40825908238764e-07,18.58051723607786,18.545541526205078,30.38194948071045,215.45569007593198,238.02030830970537,322.10699462890625,133.64300537109375,351.6440124511719,133.30599975585938
82.5,4.121205847083595e-07,18.58801927625196,18.55928833063397,30.601849444573798,215.45569007593198,238.2823295458987,322.10699462890625,133.64300537109375,351.8240051269531,133.29200744628906
82.55000000000001,2.4124081277097975e-07,18.985621318788425,18.598919383654877,30.809195258841928,215.45569007593198,238.60101199296327,322.10699462890625,133.64300537109375,351.97100830078125,133.18499755859375
82.60000000000001,1.4754481817533462e-10,18.533061315642577,18.60635026243775,31.024061445035866,215.45569007593198,238.86561705004175,322.10699462890625,133.64300537109375,352.1409912109375,133.1580047607422
82.65,1.40461771553394e-09,19.17036380862034,18.662826369056496,31.172312306705244,215.45569007593198,239.29253551796162,322.10699462890625,133.64300537109375,352.1889953613281,132.9810028076172
82.7,1.9799823921196413e-09,17.741526563766577,18.584727106509064,31.361837948907198,215.45569007593198,239.56763335240157,322.10699462890625,133.64300537109375,352.3190002441406,132.9459991455078
82.75,2.5563032990227537e-09,18.22766729410465,18.552388493603782,31.558692745188303,215.45569007593198,240.23658343538324,322.10699462890625,133.64300537109375,352.3999938964844,133.4250030517578
82.80000000000001,5.7389919601819904e-08,17.597315238417753,18.45628474783654,31.70103459430493,215.45569007593198,240.5260802803622,322.10699462890625,133.64300537109375,352.46600341796875,133.46400451660156
82.85000000000001,3.498798456407069e-08,18.659348311897716,18.465651243153513,31.802188443854885,215.45569007593198,240.86280299409012,322.10699462890625,133.64300537109375,352.4700012207031,133.4040069580078
82.9,6.92897599303425e-08,18.865286807990493,18.494872717155808,31.84411357693519,215.45569007593198,241.24449937031608,322.10699462890625,133.64300537109375,352.40301513671875,133.53599548339844
82.95,1.3760196962492107e-07,18.12132804855863,18.448953798403885,31.91491406165154,215.45569007593198,241.53620861692522,322.10699462890625,133.64300537109375,352.3819885253906,133.54400634765625
83.0,1.716740850533597e-07,18.074745411683885,18.39762641194708,31.967301908321705,215.45569007593198,241.83269029655017,322.10699462890625,133.64300537109375,352.3380126953125,133.5449981689453
83.05000000000001,1.7113277749261032e-09,18.14882323503591,18.31394660357183,32.01045721863519,215.45569007593198,242.12379716867076,322.10699462890625,133.64300537109375,352.28399658203125,133.5330047607422
83.10000000000001,2.938101636676545e-09,18.409468966495638,18.30158736865713,31.98509332383941,215.45569007593198,242.40273428880835,322.10699462890625,133.64300537109375,352.1679992675781,133.58299255371094
83.15,8.239015437202881e-07,18.893976038149678,18.273948591610065,31.899257107992458,215.45569007593198,242.7174776438064,322.10699462890625,133.64300537109375,351.9840087890625,133.6300048828125
83.2,1.7173303872057588e-07,18.204531327278318,18.32024906796124,31.913580982236095,215.45569007593198,242.99896177504138,322.10699462890625,133.64300537109375,351.89801025390625,133.60899353027344
83.25,1.7645954158690189e-07,18.237427149584605,18.32122505350923,31.92168062264026,215.45569007593198,243.28051358105975,322.10699462890625,133.64300537109375,351.8039855957031,133.5800018310547
83.30000000000001,1.7194669102449052e-07,15.19929351908885,18.08142288157634,31.671538107151093,215.45569007593198,243.5737583297673,322.10699462890625,133.64300537109375,351.5199890136719,133.51699829101562
83.35000000000001,1.7207857486874505e-07,64.72025805965951,22.687513856352524,31.640234871725713,215.45569007593198,244.75543570187293,322.10699462890625,133.64300537109375,351.39599609375,132.3520050048828
83.4,1.7224364669937097e-07,30.170335092206415,23.818018684774117,31.829603907073757,215.45569007593198,245.162270363863,322.10699462890625,133.64300537109375,351.4389953613281,132.41700744628906
83.45,5.576156131142267e-10,18.738064688937477,23.879692348812004,31.342936273126465,215.45569007593198,245.82210173649804,322.10699462890625,133.64300537109375,350.843994140625,132.64300537109375
83.5,3.2659819926236894e-09,21.314835657803847,24.203701373424,31.301882748722235,215.45569007593198,246.08014315132607,322.10699462890625,133.64300537109375,350.7950134277344,132.38999938964844
83.55000000000001,3.462875846715382e-08,19.274244642809403,24.31624351420135,31.22830808045633,215.45569007593198,246.35349888196308,322.10699462890625,133.64300537109375,350.6419982910156,132.21800231933594
83.60000000000001,6.179295862419065e-07,19.20202453197942,24.395499070749725,31.16533303361541,215.45569007593198,246.6268718477845,322.10699462890625,133.64300537109375,350.4989929199219,132.03500366210938
83.65,3.699407389660496e-08,18.31521276110193,24.33762274304495,31.177039945385562,215.45569007593198,246.9293437364953,322.10699462890625,133.64300537109375,350.468994140625,131.73899841308594
83.7,3.749742194057233e-08,117.02877968838689,34.2200475791558,31.80365969311719,215.45569007593198,248.25858965025716,322.10699462890625,133.64300537109375,350.6919860839844,132.4709930419922
83.75,6.866447232051929e-07,37.99780068134565,36.19608493233191,31.781165663687613,215.45569007593198,250.4556250098661,322.10699462890625,133.64300537109375,350.5199890136719,134.63900756835938
83.80000000000001,4.6080764943189555e-08,34.07590873024673,38.083746453447695,30.53196610018277,215.45569007593198,252.2035959097095,322.10699462890625,133.64300537109375,348.8999938964844,134.14100646972656
83.85000000000001,0.0,1.1595419765280282,31.72767484513455,30.42817384300486,215.45569007593198,252.39187519695665,322.10699462890625,133.64300537109375,348.7439880371094,134.06300354003906
83.9,2.2935638265054365e-09,2.0177135671987503,28.912412692633787,30.42512075221552,215.45569007593198,252.39499848136208,322.10699462890625,133.64300537109375,348.7409973144531,134.06300354003906
83.95,4.931258494321625e-09,1.551463150281684,27.193752538768205,30.424190775119737,215.45569007593198,252.39601052753832,322.10699462890625,133.64300537109375,348.739990234375,134.06300354003906
84.0,3.442469916532205e-08,1.5949870014809275,25.221767673135915,30.42512075221552,215.45569007593198,252.39702257371457,322.10699462890625,133.64300537109375,348.7409973144531,134.06300354003906
84.05000000000001,5.460256560671348e-08,1.555523707739239,23.449895579628897,30.424190775119737,215.45569007593198,252.3980346198908,322.10699462890625,133.64300537109375,348.739990234375,134.06300354003906
84.10000000000001,6.179261705400981e-07,1.58631027072441,21.688324153503395,30.42512075221552,215.45569007593198,252.39904666606705,322.10699462890625,133.64300537109375,348.7409973144531,134.06300354003906
84.15,6.179444338952278e-07,1.5577435146328225,20.012577228856486,30.424190775119737,215.45569007593198,252.4000587122433,322.10699462890625,133.64300537109375,348.739990234375,134.06300354003906
84.2,1.6241920688433312e-08,1.5788361757783087,8.467582877595628,30.42512075221552,215.45569007593198,252.40107075841954,322.10699462890625,133.64300537109375,348.7409973144531,134.06300354003906
84.25,7.553376552454784e-07,1.5589599963875165,4.823698809099815,30.424190775119737,215.45569007593198,252.40208280459578,322.10699462890625,133.64300537109375,348.739990234375,134.06300354003906
84.30000000000001,3.4365110972765154e-08,1.577900671879273,1.5738980032630692,30.42512075221552,215.45569007593198,252.40309485077202,322.10699462890625,133.64300537109375,348.7409973144531,134.06300354003906
84.35000000000001,3.46214636854078e-08,1.5617750868536984,1.6141213142956363,30.425072365627685,215.45569007593198,252.40319498657524,322.10699462890625,133.64300537109375,348.7409973144531,134.06300354003906
84.4,1.3733685402255276e-07,1.5741027927938953,1.5697602368551506,30.42512075221552,215.45569007593198,252.40329512237847,322.10699462890625,133.64300537109375,348.7409973144531,134.06300354003906
84.45,1.7176318826374853e-07,1.5630927370412826,1.5709231955311107,30.425072365627685,215.45569007593198,252.4033952581817,322.10699462890625,133.64300537109375,348.7409973144531,134.06300354003906
84.5,1.7179248541865283e-07,1.5706862717246588,1.5684931225554837,30.42512075221552,215.45569007593198,252.4034953939849,322.10699462890625,133.64300537109375,348.7409973144531,134.06300354003906
84.55000000000001,1.7167362603823771e-07,1.5624387180931758,1.5691846235908775,30.42512075221552,215.45569007593198,252.4034953939849,322.10699462890625,133.64300537109375,348.7409973144531,134.06300354003906
84.60000000000001,1.7173001618620529e-07,1.569200445420198,1.5674736410604564,30.42512075221552,215.45569007593198,252.4034953939849,322.10699462890625,133.64300537109375,348.7409973144531,134.06300354003906
84.65,1.7181750299417962e-07,1.5636586432834134,1.5680651539255155,30.425072365627685,215.45569007593198,252.40359552978813,322.10699462890625,133.64300537109375,348.7409973144531,134.06300354003906
84.7,1.4754481817533462e-10,1.569452078159706,1.5671267441636554,30.42512075221552,215.45569007593198,252.40369566559136,322.10699462890625,133.64300537109375,348.7409973144531,134.06300354003906
84.75,3.460836366355829e-08,1.5641324287835912,1.567643987403263,30.425072365627685,215.45569007593198,252.40379580139458,322.10699462890625,133.64300537109375,348.7409973144531,134.06300354003906
84.80000000000001,6.179272138537017e-07,1.569915982507858,1.5668455184661212,30.42512075221552,215.45569007593198,252.4038959371978,322.10699462890625,133.64300537109375,348.7409973144531,134.06300354003906
84.85000000000001,3.5230354115093115e-08,1.5619279196112854,1.56686080174188,30.42512075221552,215.45569007593198,252.4038959371978,322.10699462890625,133.64300537109375,348.7409973144531,134.06300354003906
84.9,5.198480467539958e-08,1.5692421102666245,1.566374733489153,30.42512075221552,215.45569007593198,252.4038959371978,322.10699462890625,133.64300537109375,348.7409973144531,134.06300354003906
84.95,3.669172510562248e-08,1.562922219738944,1.566357681758919,30.425072365627685,215.45569007593198,252.40399607300103,322.10699462890625,133.64300537109375,348.7409973144531,134.06300354003906
85.0,6.982496915379938e-08,1.5698643138826411,1.5662754859747172,30.42512075221552,215.45569007593198,252.40409620880425,322.10699462890625,133.64300537109375,348.7409973144531,134.06300354003906
85.05000000000001,1.3780834583911816e-07,1.562076391138735,1.566239253279273,30.42512075221552,215.45569007593198,252.40409620880425,322.10699462890625,133.64300537109375,348.7409973144531,134.06300354003906
85.10000000000001,4.806542448644407e-07,1.5702153747260188,1.566340746209855,30.42512075221552,215.45569007593198,252.40409620880425,322.10699462890625,133.64300537109375,348.7409973144531,134.06300354003906
85.15,3.440906033911891e-08,1.5618878315815878,1.5661636650396722,30.42512075221552,215.45569007593198,252.40409620880425,322.10699462890625,133.64300537109375,348.7409973144531,134.06300354003906
85.2,6.179249281219126e-07,1.5697589378608823,1.56619435100979,30.42512075221552,215.45569007593198,252.40409620880425,322.10699462890625,133.64300537109375,348.7409973144531,134.06300354003906
85.25,3.5879955499800654e-08,1.56169168339656,1.5659502764710869,30.42512075221552,215.45569007593198,252.40409620880425,322.10699462890625,133.64300537109375,348.7409973144531,134.06300354003906
85.30000000000001,5.0153262540274403e-08,1.5689157728374479,1.5658502555040457,30.425072365627685,215.45569007593198,252.40419634460747,322.10699462890625,133.64300537109375,348.7409973144531,134.06300354003906
85.35000000000001,1.37855071471478e-07,1.5622726359820132,1.5658847271411183,30.42512075221552,215.45569007593198,252.4042964804107,322.10699462890625,133.64300537109375,348.7409973144531,134.06300354003906
85.4,1.7182885480104665e-07,1.5684933054127406,1.5658098466557298,30.42512075221552,215.45569007593198,252.4042964804107,322.10699462890625,133.64300537109375,348.7409973144531,134.06300354003906
85.45,4.806844034220676e-07,1.5641198281991702,1.5659296075017526,30.425072365627685,215.45569007593198,252.40439661621392,322.10699462890625,133.64300537109375,348.7409973144531,134.06300354003906
85.5,1.7458270975655212e-07,1.5681496429537287,1.5657581404088612,30.42512075221552,215.45569007593198,252.40449675201714,322.10699462890625,133.64300537109375,348.7409973144531,134.06300354003906
85.55000000000001,3.433863391482445e-08,1.5620594017027964,1.5657564414652672,30.42512075221552,215.45569007593198,252.40449675201714,322.10699462890625,133.64300537109375,348.7409973144531,134.06300354003906
85.60000000000001,3.4726718790671e-08,1.5693845500354875,1.565673358996214,30.42512075221552,215.45569007593198,252.40449675201714,322.10699462890625,133.64300537109375,348.7409973144531,134.06300354003906
85.65,6.179258991958229e-07,1.5620869816800436,1.5656932740060596,30.425072365627685,215.45569007593198,252.40459688782036,322.10699462890625,133.64300537109375,348.7409973144531,134.06300354003906
85.7,3.582267919218051e-08,1.5682817867346173,1.565545558893433,30.42512075221552,215.45569007593198,252.40469702362358,322.10699462890625,133.64300537109375,348.7409973144531,134.06300354003906
85.75,3.474153642287524e-08,1.561863286411786,1.5655627191949555,30.42512075221552,215.45569007593198,252.40469702362358,322.10699462890625,133.64300537109375,348.7409973144531,134.06300354003906
85.80000000000001,6.902536988174638e-08,1.5687883163017762,1.5655499735413885,30.42512075221552,215.45569007593198,252.40469702362358,322.10699462890625,133.64300537109375,348.7409973144531,134.06300354003906
85.85000000000001,1.380970853832696e-07,1.5633182660424227,1.5656545365474295,30.42512075221552,215.45569007593198,252.40469702362358,322.10699462890625,133.64300537109375,348.7409973144531,134.06300354003906
85.9,2.0866847206676284e-07,1.5685136432922269,1.5656565703353782,30.425072365627685,215.45569007593198,252.4047971594268,322.10699462890625,133.64300537109375,348.7409973144531,134.06300354003906
85.95,0.0,1.5633119329395595,1.565575780809417,30.425072365627685,215.45569007593198,252.4047971594268,322.10699462890625,133.64300537109375,348.7409973144531,134.06300354003906
86.0,3.447029438565804e-08,1.5699076315043035,1.5657515796644743,30.42512075221552,215.45569007593198,252.40489729523003,322.10699462890625,133.64300537109375,348.7409973144531,134.06300354003906
86.05000000000001,3.485534652788279e-08,1.5640313154519776,1.5659487710393925,30.425072365627685,215.45569007593198,252.40499743103325,322.10699462890625,133.64300537109375,348.7409973144531,134.06300354003906
86.10000000000001,3.4973357876771946e-08,1.5702423750788828,1.5660345535437323,30.42512075221552,215.45569007593198,252.40509756683647,322.10699462890625,133.64300537109375,348.7409973144531,134.06300354003906
86.15,1.3756746607078781e-07,1.5639702397351687,1.566222879349245,30.425072365627685,215.45569007593198,252.4051977026397,322.10699462890625,133.64300537109375,348.7409973144531,134.06300354003906
86.2,4.80637421881266e-07,1.569694399385265,1.5663641406143098,30.42512075221552,215.45569007593198,252.40529783844292,322.10699462890625,133.64300537109375,348.7409973144531,134.06300354003906
86.25,1.754074864253564e-07,1.5635119619041036,1.5665290081635415,30.42512075221552,215.45569007593198,252.40529783844292,322.10699462890625,133.64300537109375,348.7409973144531,134.06300354003906
86.30000000000001,1.723166336633186e-07,1.5691666800161523,1.5665668445349792,30.42512075221552,215.45569007593198,252.40529783844292,322.10699462890625,133.64300537109375,348.7409973144531,134.06300354003906
86.35000000000001,1.7252801528873852e-07,1.5635085299783569,1.566585870928573,30.42512075221552,215.45569007593198,252.40529783844292,322.10699462890625,133.64300537109375,348.7409973144531,134.06300354003906
86.4,3.4365110972765154e-08,1.5688731732322334,1.5666218239225735,30.42512075221552,215.45569007593198,252.40529783844292,322.10699462890625,133.64300537109375,348.7409973144531,134.06300354003906
86.45,3.4837816000914655e-08,1.5639367401859807,1.5666843046472156,30.425072365627685,215.45569007593198,252.40539797424614,322.10699462890625,133.64300537109375,348.7409973144531,134.06300354003906
86.5,5.463669333247302e-08,1.571006008326141,1.5667941423293992,30.42512075221552,215.45569007593198,252.40549811004936,322.10699462890625,133.64300537109375,348.7409973144531,134.06300354003906
86.55000000000001,3.58026626675395e-08,1.5621872052802939,1.5666097313122307,30.42512075221552,215.45569007593198,252.40549811004936,322.10699462890625,133.64300537109375,348.7409973144531,134.06300354003906
86.60000000000001,6.935741714539291e-08,1.569204316867375,1.56650592549108,30.42512075221552,215.45569007593198,252.40549811004936,322.10699462890625,133.64300537109375,348.7409973144531,134.06300354003906
86.65,2.0599896504902907e-07,1.5630771952261031,1.5664166210401733,30.425072365627685,215.45569007593198,252.4055982458526,322.10699462890625,133.64300537109375,348.7409973144531,134.06300354003906
86.7,2.4035594866972103e-07,1.5686955771129232,1.5663167388129393,30.42512075221552,215.45569007593198,252.4056983816558,322.10699462890625,133.64300537109375,348.7409973144531,134.06300354003906
86.75,2.407778317480185e-07,1.5627497625621818,1.5662405188787472,30.425072365627685,215.45569007593198,252.40579851745903,322.10699462890625,133.64300537109375,348.7409973144531,134.06300354003906
86.80000000000001,6.004005885091608e-11,1.570599270318283,1.5663837779089604,30.42512075221552,215.45569007593198,252.40589865326226,322.10699462890625,133.64300537109375,348.7409973144531,134.06300354003906
86.85000000000001,6.341208591342824e-10,1.563990190853821,1.5664319439965069,30.42512075221552,215.45569007593198,252.40589865326226,322.10699462890625,133.64300537109375,348.7409973144531,134.06300354003906
86.9,1.2114728058086651e-09,1.568650324359562,1.5664096591092398,30.42512075221552,215.45569007593198,252.40589865326226,322.10699462890625,133.64300537109375,348.7409973144531,134.06300354003906
86.95,1.7889294095427162e-09,1.5636027649656874,1.5663762615872105,30.42512075221552,215.45569007593198,252.40589865326226,322.10699462890625,133.64300537109375,348.7409973144531,134.06300354003906
87.0,2.366418656643118e-09,1.5689868844077695,1.5661743491953737,30.42512075221552,215.45569007593198,252.40589865326226,322.10699462890625,133.64300537109375,348.7409973144531,134.06300354003906
87.05000000000001,6.868208805243021e-08,1.5626171573041738,1.5662173443977616,30.425072365627685,215.45569007593198,252.40599878906548,322.10699462890625,133.64300537109375,348.7409973144531,134.06300354003906
87.10000000000001,2.0597327740173916e-07,1.5710917512838405,1.5664060878394082,30.42512075221552,215.45569007593198,252.4060989248687,322.10699462890625,133.64300537109375,348.7409973144531,134.06300354003906
87.15,2.403028627308127e-07,1.5631175493057816,1.5664101232473762,30.42512075221552,215.45569007593198,252.4060989248687,322.10699462890625,133.64300537109375,348.7409973144531,134.06300354003906
87.2,4.1195626372246456e-07,1.5694708749805792,1.5664876530341416,30.42512075221552,215.45569007593198,252.4060989248687,322.10699462890625,133.64300537109375,348.7409973144531,134.06300354003906
87.25,3.440906033911891e-08,1.5631218891023706,1.5665248656881603,30.425072365627685,215.45569007593198,252.40619906067192,322.10699462890625,133.64300537109375,348.7409973144531,134.06300354003906
87.30000000000001,3.499297974041039e-08,1.5691998636437845,1.5663849250207105,30.42512075221552,215.45569007593198,252.40629919647515,322.10699462890625,133.64300537109375,348.7409973144531,134.06300354003906
87.35000000000001,3.58876850380789e-08,1.564025840586336,1.566388489993962,30.425072365627685,215.45569007593198,252.40639933227837,322.10699462890625,133.64300537109375,348.7409973144531,134.06300354003906
87.4,3.6556110462731e-08,1.569571822877095,1.5664806398457154,30.42512075221552,215.45569007593198,252.4064994680816,322.10699462890625,133.64300537109375,348.7409973144531,134.06300354003906
87.45,3.683463251555317e-08,1.5622143315752164,1.5663417965066686,30.42512075221552,215.45569007593198,252.4064994680816,322.10699462890625,133.64300537109375,348.7409973144531,134.06300354003906
87.5,7.003012299640802e-08,1.5690295323091186,1.5663460612968036,30.42512075221552,215.45569007593198,252.4064994680816,322.10699462890625,133.64300537109375,348.7409973144531,134.06300354003906
87.55000000000001,1.4169314228059923e-07,1.5615628050938029,1.5662406260757664,30.42512075221552,215.45569007593198,252.4064994680816,322.10699462890625,133.64300537109375,348.7409973144531,134.06300354003906
87.60000000000001,1.749041613759001e-07,1.5694009099573278,1.5660715419431148,30.42512075221552,215.45569007593198,252.4064994680816,322.10699462890625,133.64300537109375,348.7409973144531,134.06300354003906
87.65,5.576156131142267e-10,1.5621653631690489,1.565976323329442,30.42512075221552,215.45569007593198,252.4064994680816,322.10699462890625,133.64300537109375,348.7409973144531,134.06300354003906
87.7,3.2659819926236894e-09,1.5688089025787524,1.5659101260892592,30.42512075221552,215.45569007593198,252.4064994680816,322.10699462890625,133.64300537109375,348.7409973144531,134.06300354003906
87.75,5.903689819567025e-09,1.5633752021474907,1.5659354573937714,30.425072365627685,215.45569007593198,252.4065996038848,322.10699462890625,133.64300537109375,348.7409973144531,134.06300354003906
87.80000000000001,3.434973804288776e-08,1.56922395384276,1.565937866413669,30.42512075221552,215.45569007593198,252.40669973968804,322.10699462890625,133.64300537109375,348.7409973144531,134.06300354003906
87.85000000000001,6.934907054455101e-08,1.5644956657703704,1.5659848489320722,30.425072365627685,215.45569007593198,252.40679987549126,322.10699462890625,133.64300537109375,348.7409973144531,134.06300354003906
87.9,7.552534353440508e-07,1.5692449384520861,1.5659521604895716,30.42512075221552,215.45569007593198,252.40690001129448,322.10699462890625,133.64300537109375,348.7409973144531,134.06300354003906
87.95,1.0383736567121987e-07,1.5620888404740176,1.5659396113794517,30.42512075221552,215.45569007593198,252.40690001129448,322.10699462890625,133.64300537109375,348.7409973144531,134.06300354003906
88.0,1.0380445834689293e-07,1.5704102287505814,1.5660776810235981,30.425072365627685,215.45569007593198,252.4070001470977,322.10699462890625,133.64300537109375,348.7409973144531,134.06300354003906
88.05000000000001,0.0,1.5627528078724962,1.5661966813014676,30.425072365627685,215.45569007593198,252.4070001470977,322.10699462890625,133.64300537109375,348.7409973144531,134.06300354003906
88.10000000000001,3.466467133922369e-08,1.5698637244972056,1.5662429627554555,30.425072365627685,215.45569007593198,252.4070001470977,322.10699462890625,133.64300537109375,348.7409973144531,134.06300354003906
88.15,3.461390152534721e-08,1.5642682116757363,1.5664532476061241,30.425072365627685,215.45569007593198,252.4070001470977,322.10699462890625,133.64300537109375,348.7409973144531,134.06300354003906
88.2,6.17923534470483e-07,1.5707379919461775,1.5666461565428667,30.42512075221552,215.45569007593198,252.40710028290093,322.10699462890625,133.64300537109375,348.7409973144531,134.06300354003906
88.25,3.5912603407803286e-08,1.562132575917108,1.5665218939198282,30.42512075221552,215.45569007593198,252.40710028290093,322.10699462890625,133.64300537109375,348.7409973144531,134.06300354003906
88.30000000000001,1.0319588139769761e-07,1.5694024968365534,1.5665397482192076,30.42512075221552,215.45569007593198,252.40710028290093,322.10699462890625,133.64300537109375,348.7409973144531,134.06300354003906
88.35000000000001,1.0335410978045548e-07,1.5639994443343284,1.5664901260756037,30.425072365627685,215.45569007593198,252.40720041870415,322.10699462890625,133.64300537109375,348.7409973144531,134.06300354003906
88.4,1.044120056848798e-07,1.570736733646245,1.5666393055950194,30.42512075221552,215.45569007593198,252.40730055450737,322.10699462890625,133.64300537109375,348.7409973144531,134.06300354003906
88.45,1.383578687318018e-07,1.563460548344902,1.566776476382108,30.42512075221552,215.45569007593198,252.40730055450737,322.10699462890625,133.64300537109375,348.7409973144531,134.06300354003906
88.5,1.1302769741708687e-09,1.568179470297579,1.5665534005368076,30.42512075221552,215.45569007593198,252.40730055450737,322.10699462890625,133.64300537109375,348.7409973144531,134.06300354003906
88.55000000000001,3.848422665346872e-09,1.5649904319437935,1.5667771629439375,30.425072365627685,215.45569007593198,252.4074006903106,322.10699462890625,133.64300537109375,348.7409973144531,134.06300354003906
88.60000000000001,3.470999047548752e-08,1.5675736118498111,1.5665481516791984,30.42512075221552,215.45569007593198,252.40750082611382,322.10699462890625,133.64300537109375,348.7409973144531,134.06300354003906
88.65,8.626004962227451e-09,1.5627469393064808,1.5663960244422728,30.425072365627685,215.45569007593198,252.40760096191704,322.10699462890625,133.64300537109375,348.7409973144531,134.06300354003906
88.7,3.517575721676161e-08,1.5702137247969197,1.566343597727347,30.42512075221552,215.45569007593198,252.40770109772026,322.10699462890625,133.64300537109375,348.7409973144531,134.06300354003906
88.75,3.557877255555056e-08,1.563102400246927,1.5664405801603287,30.425072365627685,215.45569007593198,252.4078012335235,322.10699462890625,133.64300537109375,348.7409973144531,134.06300354003906
88.80000000000001,1.031737397210041e-07,1.569723502620059,1.5664726807386793,30.425072365627685,215.45569007593198,252.4078012335235,322.10699462890625,133.64300537109375,348.7409973144531,134.06300354003906
88.85000000000001,1.0417135834727294e-07,1.563004843551303,1.5663732206603769,30.425072365627685,215.45569007593198,252.4078012335235,322.10699462890625,133.64300537109375,348.7409973144531,134.06300354003906
88.9,5.2166280627106306e-11,1.570462120436739,1.5663457593394265,30.42512075221552,215.45569007593198,252.4079013693267,322.10699462890625,133.64300537109375,348.7409973144531,134.06300354003906
88.95,2.683549513661614e-09,1.5618874671971177,1.566188451224648,30.42512075221552,215.45569007593198,252.4079013693267,322.10699462890625,133.64300537109375,348.7409973144531,134.06300354003906
89.0,3.4650221521886536e-08,1.5688893045374948,1.5662594346486398,30.42512075221552,215.45569007593198,252.4079013693267,322.10699462890625,133.64300537109375,348.7409973144531,134.06300354003906
89.05000000000001,3.5538103533990647e-08,1.5614859687523335,1.5659089883294937,30.42512075221552,215.45569007593198,252.4079013693267,322.10699462890625,133.64300537109375,348.7409973144531,134.06300354003906
89.10000000000001,3.464452068334766e-08,1.5692166512732073,1.5660732922718332,30.425072365627685,215.45569007593198,252.40800150512993,322.10699462890625,133.64300537109375,348.7409973144531,134.06300354003906
89.15,7.826240282561718e-08,1.5634610498870145,1.5661447033298868,30.425072365627685,215.45569007593198,252.40800150512993,322.10699462890625,133.64300537109375,348.7409973144531,134.06300354003906
89.2,3.492457604125048e-08,1.5705044499316514,1.56617377584336,30.42512075221552,215.45569007593198,252.40810164093315,322.10699462890625,133.64300537109375,348.7409973144531,134.06300354003906
89.25,3.5381119366383485e-08,1.5627062073483216,1.5661341565534996,30.42512075221552,215.45569007593198,252.40810164093315,322.10699462890625,133.64300537109375,348.7409973144531,134.06300354003906
89.30000000000001,3.799950815095417e-08,1.5689655240133342,1.566058358692827,30.42512075221552,215.45569007593198,252.40810164093315,322.10699462890625,133.64300537109375,348.7409973144531,134.06300354003906
89.35000000000001,4.749382550838334e-08,1.5633373404840298,1.5660916083860998,30.425072365627685,215.45569007593198,252.40820177673638,322.10699462890625,133.64300537109375,348.7409973144531,134.06300354003906
89.4,3.653914945345479e-09,1.569759574323601,1.566021353774786,30.42512075221552,215.45569007593198,252.4083019125396,322.10699462890625,133.64300537109375,348.7409973144531,134.06300354003906
89.45,6.3757968972853935e-09,1.5641982620428307,1.5662524332593573,30.425072365627685,215.45569007593198,252.40840204834282,322.10699462890625,133.64300537109375,348.7409973144531,134.06300354003906
89.5,3.534173163425724e-08,1.5697526772814208,1.5663387705337501,30.42512075221552,215.45569007593198,252.40850218414604,322.10699462890625,133.64300537109375,348.7409973144531,134.06300354003906
89.55000000000001,3.618671069467027e-08,1.561760794680013,1.5663662531265181,30.42512075221552,215.45569007593198,252.40850218414604,322.10699462890625,133.64300537109375,348.7409973144531,134.06300354003906
89.60000000000001,7.650413047670439e-08,1.569979404451657,1.5664425284443633,30.42512075221552,215.45569007593198,252.40850218414604,322.10699462890625,133.64300537109375,348.7409973144531,134.06300354003906
89.65,1.0344112511027765e-07,1.5628474386823916,1.566381167323901,30.42512075221552,215.45569007593198,252.40850218414604,322.10699462890625,133.64300537109375,348.7409973144531,134.06300354003906
89.7,1.0342416402589808e-07,1.5692915623487846,1.5662598785656143,30.42512075221552,215.45569007593198,252.40850218414604,322.10699462890625,133.64300537109375,348.7409973144531,134.06300354003906
89.75,5.576156131142267e-10,1.5643112783822384,1.566420385669006,30.425072365627685,215.45569007593198,252.40860231994927,322.10699462890625,133.64300537109375,348.7409973144531,134.06300354003906
89.80000000000001,3.2659819926236894e-09,1.5682607663822257,1.566349909905895,30.42512075221552,215.45569007593198,252.4087024557525,322.10699462890625,133.64300537109375,348.7409973144531,134.06300354003906
89.85000000000001,3.4356491669715706e-08,1.5643780137846666,1.566453977235959,30.425072365627685,215.45569007593198,252.4088025915557,322.10699462890625,133.64300537109375,348.7409973144531,134.06300354003906
89.9,3.527735997324819e-08,1.5665272442576506,1.5661307442293637,30.42512075221552,215.45569007593198,252.40890272735894,322.10699462890625,133.64300537109375,348.7409973144531,134.06300354003906
89.95,3.440280902878465e-08,1.5638538487595335,1.5660963029010337,30.425072365627685,215.45569007593198,252.40900286316216,322.10699462890625,133.64300537109375,348.7409973144531,134.06300354003906
90.0,7.827920375322129e-08,1.5681531030146991,1.5659363454743616,30.42512075221552,215.45569007593198,252.40910299896538,322.10699462890625,133.64300537109375,348.7409973144531,134.06300354003906
